observation_id,data_policy_licence,date_time,date_time_meaning,observation_duration,longitude,latitude,report_type,height_above_surface,observed_variable,units,observation_value,value_significance,platform_type,station_type,primary_station_id,station_name,quality_flag,source_id
GME00125302-1-2001-12-25-53-12,Open,2001-12-25 00:00:00+00:00,beginning,1 day,6.978,50.991,DAILY,0.0,snow_depth,cm,0.0,Instantaneous value of observed parameter,,Land station,GME00125302,KOLN-STAMMHEIM,Passed,229
GME00125302-2-2001-12-25-85-1,Open,2001-12-25 00:00:00+00:00,beginning,1 day,6.978,50.991,DAILY,2.0,air_temperature,K,275.95,Minimum value over indicated period,,Land station,GME00125302,KOLN-STAMMHEIM,Passed,229
GME00125302-3-2001-12-25-85-0,Open,2001-12-25 00:00:00+00:00,beginning,1 day,6.978,50.991,DAILY,2.0,air_temperature,K,279.35,Maximum value over indicated period,,Land station,GME00125302,KOLN-STAMMHEIM,Passed,229
GME00125302-4-2001-12-25-44-13,Open,2001-12-25 00:00:00+00:00,beginning,1 day,6.978,50.991,DAILY,1.0,accumulated_precipitation,mm,11.5,Accumulation over specified period,,Land station,GME00125302,KOLN-STAMMHEIM,Passed,229
GME00126694-1-2001-12-25-53-12,Open,2001-12-25 00:00:00+00:00,beginning,1 day,6.424,50.676,DAILY,0.0,snow_depth,cm,0.0,Instantaneous value of observed parameter,,Land station,GME00126694,NIDEGGEN-SCHMIDT,Passed,229
GME00126694-2-2001-12-25-85-1,Open,2001-12-25 00:00:00+00:00,beginning,1 day,6.424,50.676,DAILY,2.0,air_temperature,K,274.55,Minimum value over indicated period,,Land station,GME00126694,NIDEGGEN-SCHMIDT,Passed,229
GME00126694-3-2001-12-25-85-0,Open,2001-12-25 00:00:00+00:00,beginning,1 day,6.424,50.676,DAILY,2.0,air_temperature,K,276.75,Maximum value over indicated period,,Land station,GME00126694,NIDEGGEN-SCHMIDT,Passed,229
GME00126694-4-2001-12-25-44-13,Open,2001-12-25 00:00:00+00:00,beginning,1 day,6.424,50.676,DAILY,1.0,accumulated_precipitation,mm,14.6,Accumulation over specified period,,Land station,GME00126694,NIDEGGEN-SCHMIDT,Passed,229
GME00127234-1-2001-12-25-53-12,Open,2001-12-25 00:00:00+00:00,beginning,1 day,6.386,49.513,DAILY,0.0,snow_depth,cm,2.0,Instantaneous value of observed parameter,,Land station,GME00127234,PERL-BESCH,Passed,229
GME00127234-2-2001-12-25-85-1,Open,2001-12-25 00:00:00+00:00,beginning,1 day,6.386,49.513,DAILY,2.0,air_temperature,K,271.95,Minimum value over indicated period,,Land station,GME00127234,PERL-BESCH,Passed,229
GME00127234-3-2001-12-25-85-0,Open,2001-12-25 00:00:00+00:00,beginning,1 day,6.386,49.513,DAILY,2.0,air_temperature,K,275.75,Maximum value over indicated period,,Land station,GME00127234,PERL-BESCH,Passed,229
GME00127234-4-2001-12-25-44-13,Open,2001-12-25 00:00:00+00:00,beginning,1 day,6.386,49.513,DAILY,1.0,accumulated_precipitation,mm,3.2,Accumulation over specified period,,Land station,GME00127234,PERL-BESCH,Passed,229
GME00126790-1-2001-12-25-53-12,Open,2001-12-25 00:00:00+00:00,beginning,1 day,7.106,52.441,DAILY,0.0,snow_depth,cm,0.0,Instantaneous value of observed parameter,,Land station,GME00126790,NORDHORN,Passed,229
GME00126790-2-2001-12-25-85-1,Open,2001-12-25 00:00:00+00:00,beginning,1 day,7.106,52.441,DAILY,2.0,air_temperature,K,276.35,Minimum value over indicated period,,Land station,GME00126790,NORDHORN,Passed,229
GME00126790-3-2001-12-25-85-0,Open,2001-12-25 00:00:00+00:00,beginning,1 day,7.106,52.441,DAILY,2.0,air_temperature,K,280.35,Maximum value over indicated period,,Land station,GME00126790,NORDHORN,Passed,229
GME00126790-4-2001-12-25-44-13,Open,2001-12-25 00:00:00+00:00,beginning,1 day,7.106,52.441,DAILY,1.0,accumulated_precipitation,mm,0.4,Accumulation over specified period,,Land station,GME00126790,NORDHORN,Passed,229
GME00126466-4-2001-12-25-44-13,Open,2001-12-25 00:00:00+00:00,beginning,1 day,7.085,50.536,DAILY,1.0,accumulated_precipitation,mm,5.0,Accumulation over specified period,,Land station,GME00126466,BAD-AHRWEILER NEUENAHR,Passed,229
GME00126466-3-2001-12-25-85-0,Open,2001-12-25 00:00:00+00:00,beginning,1 day,7.085,50.536,DAILY,2.0,air_temperature,K,277.95,Maximum value over indicated period,,Land station,GME00126466,BAD-AHRWEILER NEUENAHR,Passed,229
GME00126466-2-2001-12-25-85-1,Open,2001-12-25 00:00:00+00:00,beginning,1 day,7.085,50.536,DAILY,2.0,air_temperature,K,275.65,Minimum value over indicated period,,Land station,GME00126466,BAD-AHRWEILER NEUENAHR,Passed,229
GME00126466-1-2001-12-25-53-12,Open,2001-12-25 00:00:00+00:00,beginning,1 day,7.085,50.536,DAILY,0.0,snow_depth,cm,0.0,Instantaneous value of observed parameter,,Land station,GME00126466,BAD-AHRWEILER NEUENAHR,Passed,229
GME00126766-2-2001-12-25-44-13,Open,2001-12-25 00:00:00+00:00,beginning,1 day,6.659,50.829,DAILY,1.0,accumulated_precipitation,mm,8.7,Accumulation over specified period,,Land station,GME00126766,NORVENICH (FLUGPLATZ),Passed,229
GME00126766-1-2001-12-25-53-12,Open,2001-12-25 00:00:00+00:00,beginning,1 day,6.659,50.829,DAILY,0.0,snow_depth,cm,0.0,Instantaneous value of observed parameter,,Land station,GME00126766,NORVENICH (FLUGPLATZ),Passed,229
GME00102316-1-2001-12-25-53-12,Open,2001-12-25 00:00:00+00:00,beginning,1 day,6.095,50.784,DAILY,0.0,snow_depth,cm,0.0,Instantaneous value of observed parameter,,Land station,GME00102316,AACHEN,Passed,229
GME00102316-2-2001-12-25-85-1,Open,2001-12-25 00:00:00+00:00,beginning,1 day,6.095,50.784,DAILY,2.0,air_temperature,K,274.85,Minimum value over indicated period,,Land station,GME00102316,AACHEN,Passed,229
GME00102316-3-2001-12-25-85-0,Open,2001-12-25 00:00:00+00:00,beginning,1 day,6.095,50.784,DAILY,2.0,air_temperature,K,277.65,Maximum value over indicated period,,Land station,GME00102316,AACHEN,Passed,229
GME00102316-4-2001-12-25-44-13,Open,2001-12-25 00:00:00+00:00,beginning,1 day,6.095,50.784,DAILY,1.0,accumulated_precipitation,mm,15.6,Accumulation over specified period,,Land station,GME00102316,AACHEN,Passed,229
GME00121450-1-2001-12-25-53-12,Open,2001-12-25 00:00:00+00:00,beginning,1 day,6.703,51.395,DAILY,0.0,snow_depth,cm,0.0,Instantaneous value of observed parameter,,Land station,GME00121450,DUISBURG-FRIEMERSHEIM,Passed,229
GME00121450-2-2001-12-25-85-1,Open,2001-12-25 00:00:00+00:00,beginning,1 day,6.703,51.395,DAILY,2.0,air_temperature,K,276.75,Minimum value over indicated period,,Land station,GME00121450,DUISBURG-FRIEMERSHEIM,Passed,229
GME00121450-3-2001-12-25-85-0,Open,2001-12-25 00:00:00+00:00,beginning,1 day,6.703,51.395,DAILY,2.0,air_temperature,K,279.75,Maximum value over indicated period,,Land station,GME00121450,DUISBURG-FRIEMERSHEIM,Passed,229
GME00121450-4-2001-12-25-44-13,Open,2001-12-25 00:00:00+00:00,beginning,1 day,6.703,51.395,DAILY,1.0,accumulated_precipitation,mm,6.8,Accumulation over specified period,,Land station,GME00121450,DUISBURG-FRIEMERSHEIM,Passed,229
GME00111474-4-2001-12-25-44-13,Open,2001-12-25 00:00:00+00:00,beginning,1 day,6.659,49.749,DAILY,1.0,accumulated_precipitation,mm,7.3,Accumulation over specified period,,Land station,GME00111474,TRIER-PETRISBERG,Passed,229
GME00111474-3-2001-12-25-85-0,Open,2001-12-25 00:00:00+00:00,beginning,1 day,6.659,49.749,DAILY,2.0,air_temperature,K,275.45,Maximum value over indicated period,,Land station,GME00111474,TRIER-PETRISBERG,Passed,229
GME00111474-2-2001-12-25-85-1,Open,2001-12-25 00:00:00+00:00,beginning,1 day,6.659,49.749,DAILY,2.0,air_temperature,K,273.65,Minimum value over indicated period,,Land station,GME00111474,TRIER-PETRISBERG,Passed,229
GME00111474-1-2001-12-25-53-12,Open,2001-12-25 00:00:00+00:00,beginning,1 day,6.659,49.749,DAILY,0.0,snow_depth,cm,2.0,Instantaneous value of observed parameter,,Land station,GME00111474,TRIER-PETRISBERG,Passed,229
GME00122746-1-2001-12-25-53-12,Open,2001-12-25 00:00:00+00:00,beginning,1 day,6.247,51.496,DAILY,0.0,snow_depth,cm,0.0,Instantaneous value of observed parameter,,Land station,GME00122746,GELDERN-WALBECK,Passed,229
GME00122746-2-2001-12-25-85-1,Open,2001-12-25 00:00:00+00:00,beginning,1 day,6.247,51.496,DAILY,2.0,air_temperature,K,276.45,Minimum value over indicated period,,Land station,GME00122746,GELDERN-WALBECK,Passed,229
GME00122746-3-2001-12-25-85-0,Open,2001-12-25 00:00:00+00:00,beginning,1 day,6.247,51.496,DAILY,2.0,air_temperature,K,279.95,Maximum value over indicated period,,Land station,GME00122746,GELDERN-WALBECK,Passed,229
GME00123226-4-2001-12-25-44-13,Open,2001-12-25 00:00:00+00:00,beginning,1 day,6.376,49.932,DAILY,1.0,accumulated_precipitation,mm,9.9,Accumulation over specified period,,Land station,GME00123226,OLSDORF,Passed,229
GME00123226-3-2001-12-25-85-0,Open,2001-12-25 00:00:00+00:00,beginning,1 day,6.376,49.932,DAILY,2.0,air_temperature,K,275.95,Maximum value over indicated period,,Land station,GME00123226,OLSDORF,Passed,229
GME00123226-2-2001-12-25-85-1,Open,2001-12-25 00:00:00+00:00,beginning,1 day,6.376,49.932,DAILY,2.0,air_temperature,K,272.65,Minimum value over indicated period,,Land station,GME00123226,OLSDORF,Passed,229
GME00122422-1-2001-12-25-53-12,Open,2001-12-25 00:00:00+00:00,beginning,1 day,6.553,50.152,DAILY,0.0,snow_depth,cm,18.0,Instantaneous value of observed parameter,,Land station,GME00122422,HERSDORF-WEISSENSEIFEN,Passed,229
GME00122422-2-2001-12-25-85-1,Open,2001-12-25 00:00:00+00:00,beginning,1 day,6.553,50.152,DAILY,2.0,air_temperature,K,271.55,Minimum value over indicated period,,Land station,GME00122422,HERSDORF-WEISSENSEIFEN,Passed,229
GME00122422-3-2001-12-25-85-0,Open,2001-12-25 00:00:00+00:00,beginning,1 day,6.553,50.152,DAILY,2.0,air_temperature,K,274.15,Maximum value over indicated period,,Land station,GME00122422,HERSDORF-WEISSENSEIFEN,Passed,229
GME00122422-4-2001-12-25-44-13,Open,2001-12-25 00:00:00+00:00,beginning,1 day,6.553,50.152,DAILY,1.0,accumulated_precipitation,mm,10.3,Accumulation over specified period,,Land station,GME00122422,HERSDORF-WEISSENSEIFEN,Passed,229
GME00122746-4-2001-12-25-44-13,Open,2001-12-25 00:00:00+00:00,beginning,1 day,6.247,51.496,DAILY,1.0,accumulated_precipitation,mm,4.3,Accumulation over specified period,,Land station,GME00122746,GELDERN-WALBECK,Passed,229
GME00123226-1-2001-12-25-53-12,Open,2001-12-25 00:00:00+00:00,beginning,1 day,6.376,49.932,DAILY,0.0,snow_depth,cm,5.0,Instantaneous value of observed parameter,,Land station,GME00123226,OLSDORF,Passed,229
GME00121678-4-2001-12-25-44-13,Open,2001-12-25 00:00:00+00:00,beginning,1 day,6.565,50.929,DAILY,1.0,accumulated_precipitation,mm,14.2,Accumulation over specified period,,Land station,GME00121678,ELSDORF/ERFTKREIS,Passed,229
GME00102324-1-2001-12-25-53-12,Open,2001-12-25 00:00:00+00:00,beginning,1 day,6.87,50.361,DAILY,0.0,snow_depth,cm,17.0,Instantaneous value of observed parameter,,Land station,GME00102324,NURBURG-BARWEILER,Passed,229
GME00102324-2-2001-12-25-85-1,Open,2001-12-25 00:00:00+00:00,beginning,1 day,6.87,50.361,DAILY,2.0,air_temperature,K,272.95,Minimum value over indicated period,,Land station,GME00102324,NURBURG-BARWEILER,Passed,229
GME00102324-3-2001-12-25-85-0,Open,2001-12-25 00:00:00+00:00,beginning,1 day,6.87,50.361,DAILY,2.0,air_temperature,K,274.55,Maximum value over indicated period,,Land station,GME00102324,NURBURG-BARWEILER,Passed,229
GME00102324-4-2001-12-25-44-13,Open,2001-12-25 00:00:00+00:00,beginning,1 day,6.87,50.361,DAILY,1.0,accumulated_precipitation,mm,6.6,Accumulation over specified period,,Land station,GME00102324,NURBURG-BARWEILER,Passed,229
GME00102324-5-2001-12-25-85-2,Open,2001-12-25 00:00:00+00:00,beginning,1 day,6.87,50.361,DAILY,2.0,air_temperature,K,273.85,Mean value over indicated period,,Land station,GME00102324,NURBURG-BARWEILER,Passed,166
GME00123574-4-2001-12-25-44-13,Open,2001-12-25 00:00:00+00:00,beginning,1 day,6.104,51.042,DAILY,1.0,accumulated_precipitation,mm,12.7,Accumulation over specified period,,Land station,GME00123574,HEINSBERG-SCHLEIDEN,Passed,229
GME00123574-3-2001-12-25-85-0,Open,2001-12-25 00:00:00+00:00,beginning,1 day,6.104,51.042,DAILY,2.0,air_temperature,K,279.65,Maximum value over indicated period,,Land station,GME00123574,HEINSBERG-SCHLEIDEN,Passed,229
GME00123574-2-2001-12-25-85-1,Open,2001-12-25 00:00:00+00:00,beginning,1 day,6.104,51.042,DAILY,2.0,air_temperature,K,276.55,Minimum value over indicated period,,Land station,GME00123574,HEINSBERG-SCHLEIDEN,Passed,229
GME00123574-1-2001-12-25-53-12,Open,2001-12-25 00:00:00+00:00,beginning,1 day,6.104,51.042,DAILY,0.0,snow_depth,cm,0.0,Instantaneous value of observed parameter,,Land station,GME00123574,HEINSBERG-SCHLEIDEN,Passed,229
GME00121978-4-2001-12-25-44-13,Open,2001-12-25 00:00:00+00:00,beginning,1 day,6.968,51.406,DAILY,1.0,accumulated_precipitation,mm,4.9,Accumulation over specified period,,Land station,GME00121978,ESSEN-BREDENEY,Passed,229
GME00121978-3-2001-12-25-85-0,Open,2001-12-25 00:00:00+00:00,beginning,1 day,6.968,51.406,DAILY,2.0,air_temperature,K,278.75,Maximum value over indicated period,,Land station,GME00121978,ESSEN-BREDENEY,Passed,229
GME00121978-2-2001-12-25-85-1,Open,2001-12-25 00:00:00+00:00,beginning,1 day,6.968,51.406,DAILY,2.0,air_temperature,K,275.15,Minimum value over indicated period,,Land station,GME00121978,ESSEN-BREDENEY,Passed,229
GME00121978-1-2001-12-25-53-12,Open,2001-12-25 00:00:00+00:00,beginning,1 day,6.968,51.406,DAILY,0.0,snow_depth,cm,0.0,Instantaneous value of observed parameter,,Land station,GME00121978,ESSEN-BREDENEY,Passed,229
GME00122002-4-2001-12-25-44-13,Open,2001-12-25 00:00:00+00:00,beginning,1 day,6.792,50.713,DAILY,1.0,accumulated_precipitation,mm,7.6,Accumulation over specified period,,Land station,GME00122002,WEILERSWIST-LOMMERSUM,Passed,229
GME00122002-3-2001-12-25-85-0,Open,2001-12-25 00:00:00+00:00,beginning,1 day,6.792,50.713,DAILY,2.0,air_temperature,K,278.65,Maximum value over indicated period,,Land station,GME00122002,WEILERSWIST-LOMMERSUM,Passed,229
GME00122002-2-2001-12-25-85-1,Open,2001-12-25 00:00:00+00:00,beginning,1 day,6.792,50.713,DAILY,2.0,air_temperature,K,275.75,Minimum value over indicated period,,Land station,GME00122002,WEILERSWIST-LOMMERSUM,Passed,229
GME00122002-1-2001-12-25-53-12,Open,2001-12-25 00:00:00+00:00,beginning,1 day,6.792,50.713,DAILY,0.0,snow_depth,cm,0.0,Instantaneous value of observed parameter,,Land station,GME00122002,WEILERSWIST-LOMMERSUM,Passed,229
GME00123706-1-2001-12-25-53-12,Open,2001-12-25 00:00:00+00:00,beginning,1 day,7.156,51.59,DAILY,0.0,snow_depth,cm,0.0,Instantaneous value of observed parameter,,Land station,GME00123706,HERTEN,Passed,229
GME00123706-2-2001-12-25-85-1,Open,2001-12-25 00:00:00+00:00,beginning,1 day,7.156,51.59,DAILY,2.0,air_temperature,K,276.55,Minimum value over indicated period,,Land station,GME00123706,HERTEN,Passed,229
GME00123706-3-2001-12-25-85-0,Open,2001-12-25 00:00:00+00:00,beginning,1 day,7.156,51.59,DAILY,2.0,air_temperature,K,279.65,Maximum value over indicated period,,Land station,GME00123706,HERTEN,Passed,229
GME00123706-4-2001-12-25-44-13,Open,2001-12-25 00:00:00+00:00,beginning,1 day,7.156,51.59,DAILY,1.0,accumulated_precipitation,mm,9.7,Accumulation over specified period,,Land station,GME00123706,HERTEN,Passed,229
GME00102268-4-2001-12-25-44-13,Open,2001-12-25 00:00:00+00:00,beginning,1 day,6.77,51.297,DAILY,1.0,accumulated_precipitation,mm,7.9,Accumulation over specified period,,Land station,GME00102268,DUSSELDORF,Passed,229
GME00121042-4-2001-12-25-44-13,Open,2001-12-25 00:00:00+00:00,beginning,1 day,7.158,50.866,DAILY,1.0,accumulated_precipitation,mm,10.8,Accumulation over specified period,,Land station,GME00121042,KOLN-BONN,Passed,229
GME00121042-3-2001-12-25-85-0,Open,2001-12-25 00:00:00+00:00,beginning,1 day,7.158,50.866,DAILY,2.0,air_temperature,K,278.75,Maximum value over indicated period,,Land station,GME00121042,KOLN-BONN,Passed,229
GME00121042-2-2001-12-25-85-1,Open,2001-12-25 00:00:00+00:00,beginning,1 day,7.158,50.866,DAILY,2.0,air_temperature,K,273.95,Minimum value over indicated period,,Land station,GME00121042,KOLN-BONN,Passed,229
GME00121042-1-2001-12-25-53-12,Open,2001-12-25 00:00:00+00:00,beginning,1 day,7.158,50.866,DAILY,0.0,snow_depth,cm,0.0,Instantaneous value of observed parameter,,Land station,GME00121042,KOLN-BONN,Passed,229
GME00102268-3-2001-12-25-85-0,Open,2001-12-25 00:00:00+00:00,beginning,1 day,6.77,51.297,DAILY,2.0,air_temperature,K,279.65,Maximum value over indicated period,,Land station,GME00102268,DUSSELDORF,Passed,229
GME00102268-2-2001-12-25-85-1,Open,2001-12-25 00:00:00+00:00,beginning,1 day,6.77,51.297,DAILY,2.0,air_temperature,K,275.25,Minimum value over indicated period,,Land station,GME00102268,DUSSELDORF,Passed,229
GME00102268-1-2001-12-25-53-12,Open,2001-12-25 00:00:00+00:00,beginning,1 day,6.77,51.297,DAILY,0.0,snow_depth,cm,0.0,Instantaneous value of observed parameter,,Land station,GME00102268,DUSSELDORF,Passed,229
GME00121102-1-2001-12-25-53-12,Open,2001-12-25 00:00:00+00:00,beginning,1 day,7.152,53.714,DAILY,0.0,snow_depth,cm,0.0,Instantaneous value of observed parameter,,Land station,GME00121102,NORDERNEY,Passed,229
GME00121102-2-2001-12-25-85-1,Open,2001-12-25 00:00:00+00:00,beginning,1 day,7.152,53.714,DAILY,2.0,air_temperature,K,275.25,Minimum value over indicated period,,Land station,GME00121102,NORDERNEY,Passed,229
GME00121102-3-2001-12-25-85-0,Open,2001-12-25 00:00:00+00:00,beginning,1 day,7.152,53.714,DAILY,2.0,air_temperature,K,280.25,Maximum value over indicated period,,Land station,GME00121102,NORDERNEY,Passed,229
GME00121102-4-2001-12-25-44-13,Open,2001-12-25 00:00:00+00:00,beginning,1 day,7.152,53.714,DAILY,1.0,accumulated_precipitation,mm,2.8,Accumulation over specified period,,Land station,GME00121102,NORDERNEY,Passed,229
GME00131182-1-2001-12-25-53-12,Open,2001-12-25 00:00:00+00:00,beginning,1 day,6.887,51.874,DAILY,0.0,snow_depth,cm,0.0,Instantaneous value of observed parameter,,Land station,GME00131182,BORKEN IN WESTFALEN,Passed,229
GME00131182-4-2001-12-25-44-13,Open,2001-12-25 00:00:00+00:00,beginning,1 day,6.887,51.874,DAILY,1.0,accumulated_precipitation,mm,0.9,Accumulation over specified period,,Land station,GME00131182,BORKEN IN WESTFALEN,Passed,229
GME00132370-1-2001-12-25-53-12,Open,2001-12-25 00:00:00+00:00,beginning,1 day,7.063,50.174,DAILY,0.0,snow_depth,cm,15.0,Instantaneous value of observed parameter,,Land station,GME00132370,BUCHEL (FLUGPLATZ),Passed,229
GME00130294-4-2001-12-25-44-13,Open,2001-12-25 00:00:00+00:00,beginning,1 day,6.536,51.831,DAILY,1.0,accumulated_precipitation,mm,6.9,Accumulation over specified period,,Land station,GME00130294,BOCHOLT,Passed,229
GME00130294-3-2001-12-25-85-0,Open,2001-12-25 00:00:00+00:00,beginning,1 day,6.536,51.831,DAILY,2.0,air_temperature,K,280.25,Maximum value over indicated period,,Land station,GME00130294,BOCHOLT,Passed,229
GME00130294-2-2001-12-25-85-1,Open,2001-12-25 00:00:00+00:00,beginning,1 day,6.536,51.831,DAILY,2.0,air_temperature,K,274.85,Minimum value over indicated period,,Land station,GME00130294,BOCHOLT,Passed,229
GME00130294-1-2001-12-25-53-12,Open,2001-12-25 00:00:00+00:00,beginning,1 day,6.536,51.831,DAILY,0.0,snow_depth,cm,0.0,Instantaneous value of observed parameter,,Land station,GME00130294,BOCHOLT,Passed,229
GME00132370-2-2001-12-25-44-13,Open,2001-12-25 00:00:00+00:00,beginning,1 day,7.063,50.174,DAILY,1.0,accumulated_precipitation,mm,4.8,Accumulation over specified period,,Land station,GME00132370,BUCHEL (FLUGPLATZ),Passed,229
GME00128518-4-2001-12-25-44-13,Open,2001-12-25 00:00:00+00:00,beginning,1 day,7.068,49.918,DAILY,1.0,accumulated_precipitation,mm,6.8,Accumulation over specified period,,Land station,GME00128518,BERNKASTEL-KUES,Passed,229
GME00128518-1-2001-12-25-53-12,Open,2001-12-25 00:00:00+00:00,beginning,1 day,7.068,49.918,DAILY,0.0,snow_depth,cm,0.0,Instantaneous value of observed parameter,,Land station,GME00128518,BERNKASTEL-KUES,Passed,229
GME00128518-2-2001-12-25-85-1,Open,2001-12-25 00:00:00+00:00,beginning,1 day,7.068,49.918,DAILY,2.0,air_temperature,K,275.45,Minimum value over indicated period,,Land station,GME00128518,BERNKASTEL-KUES,Passed,229
GME00132730-2-2001-12-25-85-1,Open,2001-12-25 00:00:00+00:00,beginning,1 day,7.056,49.763,DAILY,2.0,air_temperature,K,272.95,Minimum value over indicated period,,Land station,GME00132730,DEUSELBACH,Passed,229
GME00128902-1-2001-12-25-53-12,Open,2001-12-25 00:00:00+00:00,beginning,1 day,7.094,51.141,DAILY,0.0,snow_depth,cm,0.0,Instantaneous value of observed parameter,,Land station,GME00128902,SOLINGEN-HOHENSCHEID,Passed,229
GME00128902-2-2001-12-25-85-1,Open,2001-12-25 00:00:00+00:00,beginning,1 day,7.094,51.141,DAILY,2.0,air_temperature,K,275.05,Minimum value over indicated period,,Land station,GME00128902,SOLINGEN-HOHENSCHEID,Passed,229
GME00128902-3-2001-12-25-85-0,Open,2001-12-25 00:00:00+00:00,beginning,1 day,7.094,51.141,DAILY,2.0,air_temperature,K,277.45,Maximum value over indicated period,,Land station,GME00128902,SOLINGEN-HOHENSCHEID,Passed,229
GME00128902-4-2001-12-25-44-13,Open,2001-12-25 00:00:00+00:00,beginning,1 day,7.094,51.141,DAILY,1.0,accumulated_precipitation,mm,9.0,Accumulation over specified period,,Land station,GME00128902,SOLINGEN-HOHENSCHEID,Passed,229
GME00132730-4-2001-12-25-44-13,Open,2001-12-25 00:00:00+00:00,beginning,1 day,7.056,49.763,DAILY,1.0,accumulated_precipitation,mm,3.4,Accumulation over specified period,,Land station,GME00132730,DEUSELBACH,Passed,229
GME00132730-3-2001-12-25-85-0,Open,2001-12-25 00:00:00+00:00,beginning,1 day,7.056,49.763,DAILY,2.0,air_temperature,K,274.35,Maximum value over indicated period,,Land station,GME00132730,DEUSELBACH,Passed,229
GME00130582-4-2001-12-25-44-13,Open,2001-12-25 00:00:00+00:00,beginning,1 day,7.106,51.226,DAILY,1.0,accumulated_precipitation,mm,14.8,Accumulation over specified period,,Land station,GME00130582,WUPPERTAL-BUCHENHOFEN,Passed,229
GME00130582-3-2001-12-25-85-0,Open,2001-12-25 00:00:00+00:00,beginning,1 day,7.106,51.226,DAILY,2.0,air_temperature,K,278.65,Maximum value over indicated period,,Land station,GME00130582,WUPPERTAL-BUCHENHOFEN,Passed,229
GME00130582-2-2001-12-25-85-1,Open,2001-12-25 00:00:00+00:00,beginning,1 day,7.106,51.226,DAILY,2.0,air_temperature,K,276.15,Minimum value over indicated period,,Land station,GME00130582,WUPPERTAL-BUCHENHOFEN,Passed,229
GME00130582-1-2001-12-25-53-12,Open,2001-12-25 00:00:00+00:00,beginning,1 day,7.106,51.226,DAILY,0.0,snow_depth,cm,0.0,Instantaneous value of observed parameter,,Land station,GME00130582,WUPPERTAL-BUCHENHOFEN,Passed,229
GME00128506-4-2001-12-25-44-13,Open,2001-12-25 00:00:00+00:00,beginning,1 day,6.417,50.3,DAILY,1.0,accumulated_precipitation,mm,17.5,Accumulation over specified period,,Land station,GME00128506,SCHNEIFELFORSTHAUS,Passed,229
GME00128506-3-2001-12-25-85-0,Open,2001-12-25 00:00:00+00:00,beginning,1 day,6.417,50.3,DAILY,2.0,air_temperature,K,273.35,Maximum value over indicated period,,Land station,GME00128506,SCHNEIFELFORSTHAUS,Passed,229
GME00128506-2-2001-12-25-85-1,Open,2001-12-25 00:00:00+00:00,beginning,1 day,6.417,50.3,DAILY,2.0,air_temperature,K,271.85,Minimum value over indicated period,,Land station,GME00128506,SCHNEIFELFORSTHAUS,Passed,229
GME00128506-1-2001-12-25-53-12,Open,2001-12-25 00:00:00+00:00,beginning,1 day,6.417,50.3,DAILY,0.0,snow_depth,cm,40.0,Instantaneous value of observed parameter,,Land station,GME00128506,SCHNEIFELFORSTHAUS,Passed,229
GME00128518-3-2001-12-25-85-0,Open,2001-12-25 00:00:00+00:00,beginning,1 day,7.068,49.918,DAILY,2.0,air_temperature,K,277.85,Maximum value over indicated period,,Land station,GME00128518,BERNKASTEL-KUES,Passed,229
GME00130054-1-2001-12-25-53-12,Open,2001-12-25 00:00:00+00:00,beginning,1 day,6.812,49.555,DAILY,0.0,snow_depth,cm,17.0,Instantaneous value of observed parameter,,Land station,GME00130054,WEISKIRCHEN/SAAR,Passed,229
GME00130054-2-2001-12-25-85-1,Open,2001-12-25 00:00:00+00:00,beginning,1 day,6.812,49.555,DAILY,2.0,air_temperature,K,271.55,Minimum value over indicated period,,Land station,GME00130054,WEISKIRCHEN/SAAR,Passed,229
GME00130054-3-2001-12-25-85-0,Open,2001-12-25 00:00:00+00:00,beginning,1 day,6.812,49.555,DAILY,2.0,air_temperature,K,274.35,Maximum value over indicated period,,Land station,GME00130054,WEISKIRCHEN/SAAR,Passed,229
GME00130054-4-2001-12-25-44-13,Open,2001-12-25 00:00:00+00:00,beginning,1 day,6.812,49.555,DAILY,1.0,accumulated_precipitation,mm,20.0,Accumulation over specified period,,Land station,GME00130054,WEISKIRCHEN/SAAR,Passed,229
GME00131266-1-2001-12-25-53-12,Open,2001-12-25 00:00:00+00:00,beginning,1 day,6.673,53.58,DAILY,0.0,snow_depth,cm,0.0,Instantaneous value of observed parameter,,Land station,GME00131266,BORKUM-SUDERSTRASSE,Passed,229
GME00131266-2-2001-12-25-85-1,Open,2001-12-25 00:00:00+00:00,beginning,1 day,6.673,53.58,DAILY,2.0,air_temperature,K,275.75,Minimum value over indicated period,,Land station,GME00131266,BORKUM-SUDERSTRASSE,Passed,229
GME00131266-3-2001-12-25-85-0,Open,2001-12-25 00:00:00+00:00,beginning,1 day,6.673,53.58,DAILY,2.0,air_temperature,K,279.95,Maximum value over indicated period,,Land station,GME00131266,BORKUM-SUDERSTRASSE,Passed,229
GME00131266-4-2001-12-25-44-13,Open,2001-12-25 00:00:00+00:00,beginning,1 day,6.673,53.58,DAILY,1.0,accumulated_precipitation,mm,7.2,Accumulation over specified period,,Land station,GME00131266,BORKUM-SUDERSTRASSE,Passed,229
LU000006590-1-2001-12-25-85-1,Attribution CC BY,2001-12-25 00:00:00+00:00,beginning,1 day,6.203,49.626,DAILY,2.0,air_temperature,K,273.25,Minimum value over indicated period,,Land station,LU000006590,LUXEMBOURG AIRPORT GSN,Passed,229
LU000006590-2-2001-12-25-85-0,Attribution CC BY,2001-12-25 00:00:00+00:00,beginning,1 day,6.203,49.626,DAILY,2.0,air_temperature,K,274.85,Maximum value over indicated period,,Land station,LU000006590,LUXEMBOURG AIRPORT GSN,Passed,229
LU000006590-3-2001-12-25-44-13,Attribution CC BY,2001-12-25 00:00:00+00:00,beginning,1 day,6.203,49.626,DAILY,1.0,accumulated_precipitation,mm,8.7,Accumulation over specified period,,Land station,LU000006590,LUXEMBOURG AIRPORT GSN,Passed,229
LU000006590-5-2001-12-25-53-12,Attribution CC BY,2001-12-25 00:00:00+00:00,beginning,1 day,6.203,49.626,DAILY,0.0,snow_depth,cm,3.0,Instantaneous value of observed parameter,,Land station,LU000006590,LUXEMBOURG AIRPORT GSN,Passed,166
LU000006590-5-2001-12-25-85-2,Attribution CC BY,2001-12-25 00:00:00+00:00,beginning,1 day,6.203,49.626,DAILY,2.0,air_temperature,K,273.95,Mean value over indicated period,,Land station,LU000006590,LUXEMBOURG AIRPORT GSN,Passed,166
NLE00109178-2-2001-12-25-44-13,Attribution CC BY,2001-12-25 00:00:00+00:00,beginning,1 day,6.533,52.917,DAILY,1.0,accumulated_precipitation,mm,1.4,Accumulation over specified period,,Land station,NLE00109178,LAAGHALEN,Passed,229
NLE00100496-2-2001-12-25-44-13,Attribution CC BY,2001-12-25 00:00:00+00:00,beginning,1 day,5.217,53.367,DAILY,1.0,accumulated_precipitation,mm,2.6,Accumulation over specified period,,Land station,NLE00100496,WEST TERSCHELLING,Passed,229
NLE00100496-1-2001-12-25-53-12,Attribution CC BY,2001-12-25 00:00:00+00:00,beginning,1 day,5.217,53.367,DAILY,0.0,snow_depth,cm,0.0,Instantaneous value of observed parameter,,Land station,NLE00100496,WEST TERSCHELLING,Passed,229
NLE00109002-1-2001-12-25-53-12,Attribution CC BY,2001-12-25 00:00:00+00:00,beginning,1 day,3.683,51.333,DAILY,0.0,snow_depth,cm,0.0,Instantaneous value of observed parameter,,Land station,NLE00109002,BIERVLIET,Passed,229
NLE00109002-2-2001-12-25-44-13,Attribution CC BY,2001-12-25 00:00:00+00:00,beginning,1 day,3.683,51.333,DAILY,1.0,accumulated_precipitation,mm,1.6,Accumulation over specified period,,Land station,NLE00109002,BIERVLIET,Passed,229
NLE00109088-2-2001-12-25-44-13,Attribution CC BY,2001-12-25 00:00:00+00:00,beginning,1 day,5.683,51.55,DAILY,1.0,accumulated_precipitation,mm,1.0,Accumulation over specified period,,Land station,NLE00109088,GEMERT,Passed,229
NLE00109088-1-2001-12-25-53-12,Attribution CC BY,2001-12-25 00:00:00+00:00,beginning,1 day,5.683,51.55,DAILY,0.0,snow_depth,cm,0.0,Instantaneous value of observed parameter,,Land station,NLE00109088,GEMERT,Passed,229
NLE00100503-1-2001-12-25-53-12,Attribution CC BY,2001-12-25 00:00:00+00:00,beginning,1 day,4.7,52.317,DAILY,0.0,snow_depth,cm,0.0,Instantaneous value of observed parameter,,Land station,NLE00100503,HOOFDDORP,Passed,229
NLE00100503-2-2001-12-25-44-13,Attribution CC BY,2001-12-25 00:00:00+00:00,beginning,1 day,4.7,52.317,DAILY,1.0,accumulated_precipitation,mm,3.8,Accumulation over specified period,,Land station,NLE00100503,HOOFDDORP,Passed,229
NLE00102044-2-2001-12-25-44-13,Attribution CC BY,2001-12-25 00:00:00+00:00,beginning,1 day,3.9,51.533,DAILY,1.0,accumulated_precipitation,mm,6.1,Accumulation over specified period,,Land station,NLE00102044,WILHELMINADORP-1,Passed,229
NLE00101965-1-2001-12-25-53-12,Attribution CC BY,2001-12-25 00:00:00+00:00,beginning,1 day,4.3,52.117,DAILY,0.0,snow_depth,cm,0.0,Instantaneous value of observed parameter,,Land station,NLE00101965,SCHEVENINGEN,Passed,229
NLE00109238-2-2001-12-25-44-13,Attribution CC BY,2001-12-25 00:00:00+00:00,beginning,1 day,6.05,52.9,DAILY,1.0,accumulated_precipitation,mm,1.5,Accumulation over specified period,,Land station,NLE00109238,OLDEHOLTPADE,Passed,229
NLE00109238-1-2001-12-25-53-12,Attribution CC BY,2001-12-25 00:00:00+00:00,beginning,1 day,6.05,52.9,DAILY,0.0,snow_depth,cm,0.0,Instantaneous value of observed parameter,,Land station,NLE00109238,OLDEHOLTPADE,Passed,229
NLE00101965-2-2001-12-25-44-13,Attribution CC BY,2001-12-25 00:00:00+00:00,beginning,1 day,4.3,52.117,DAILY,1.0,accumulated_precipitation,mm,2.8,Accumulation over specified period,,Land station,NLE00101965,SCHEVENINGEN,Passed,229
NLE00109288-2-2001-12-25-44-13,Attribution CC BY,2001-12-25 00:00:00+00:00,beginning,1 day,5.633,53.033,DAILY,1.0,accumulated_precipitation,mm,2.1,Accumulation over specified period,,Land station,NLE00109288,SNEEK,Passed,229
NLE00102044-1-2001-12-25-53-12,Attribution CC BY,2001-12-25 00:00:00+00:00,beginning,1 day,3.9,51.533,DAILY,0.0,snow_depth,cm,0.0,Instantaneous value of observed parameter,,Land station,NLE00102044,WILHELMINADORP-1,Passed,229
NLE00109000-1-2001-12-25-53-12,Attribution CC BY,2001-12-25 00:00:00+00:00,beginning,1 day,5.683,52.45,DAILY,0.0,snow_depth,cm,0.0,Instantaneous value of observed parameter,,Land station,NLE00109000,BIDDINGHUIZEN,Passed,229
NLE00109000-2-2001-12-25-44-13,Attribution CC BY,2001-12-25 00:00:00+00:00,beginning,1 day,5.683,52.45,DAILY,1.0,accumulated_precipitation,mm,3.0,Accumulation over specified period,,Land station,NLE00109000,BIDDINGHUIZEN,Passed,229
NLE00101975-1-2001-12-25-53-12,Attribution CC BY,2001-12-25 00:00:00+00:00,beginning,1 day,4.7,51.85,DAILY,0.0,snow_depth,cm,0.0,Instantaneous value of observed parameter,,Land station,NLE00101975,OUD ALBLAS,Passed,229
NLE00101975-2-2001-12-25-44-13,Attribution CC BY,2001-12-25 00:00:00+00:00,beginning,1 day,4.7,51.85,DAILY,1.0,accumulated_precipitation,mm,6.4,Accumulation over specified period,,Land station,NLE00101975,OUD ALBLAS,Passed,229
NLE00108994-2-2001-12-25-44-13,Attribution CC BY,2001-12-25 00:00:00+00:00,beginning,1 day,4.683,52.683,DAILY,1.0,accumulated_precipitation,mm,2.8,Accumulation over specified period,,Land station,NLE00108994,BERGEN (NH),Passed,229
NLE00108994-1-2001-12-25-53-12,Attribution CC BY,2001-12-25 00:00:00+00:00,beginning,1 day,4.683,52.683,DAILY,0.0,snow_depth,cm,0.0,Instantaneous value of observed parameter,,Land station,NLE00108994,BERGEN (NH),Passed,229
NLE00100502-1-2001-12-25-53-12,Attribution CC BY,2001-12-25 00:00:00+00:00,beginning,1 day,6.05,52.4,DAILY,0.0,snow_depth,cm,0.0,Instantaneous value of observed parameter,,Land station,NLE00100502,HEERDE,Passed,229
NLE00100502-2-2001-12-25-44-13,Attribution CC BY,2001-12-25 00:00:00+00:00,beginning,1 day,6.05,52.4,DAILY,1.0,accumulated_precipitation,mm,2.6,Accumulation over specified period,,Land station,NLE00100502,HEERDE,Passed,229
NLE00101993-1-2001-12-25-53-12,Attribution CC BY,2001-12-25 00:00:00+00:00,beginning,1 day,5.967,52.233,DAILY,0.0,snow_depth,cm,0.0,Instantaneous value of observed parameter,,Land station,NLE00101993,APELDOORN,Passed,229
NLE00101993-2-2001-12-25-44-13,Attribution CC BY,2001-12-25 00:00:00+00:00,beginning,1 day,5.967,52.233,DAILY,1.0,accumulated_precipitation,mm,1.4,Accumulation over specified period,,Land station,NLE00101993,APELDOORN,Passed,229
NLE00109240-2-2001-12-25-44-13,Attribution CC BY,2001-12-25 00:00:00+00:00,beginning,1 day,6.667,53.15,DAILY,1.0,accumulated_precipitation,mm,4.2,Accumulation over specified period,,Land station,NLE00109240,ONNEN,Passed,229
NLE00109240-1-2001-12-25-53-12,Attribution CC BY,2001-12-25 00:00:00+00:00,beginning,1 day,6.667,53.15,DAILY,0.0,snow_depth,cm,0.0,Instantaneous value of observed parameter,,Land station,NLE00109240,ONNEN,Passed,229
NLE00102089-1-2001-12-25-53-12,Attribution CC BY,2001-12-25 00:00:00+00:00,beginning,1 day,5.417,51.45,DAILY,0.0,snow_depth,cm,0.0,Instantaneous value of observed parameter,,Land station,NLE00102089,EINDHOVEN (VB),Passed,229
NLE00102089-2-2001-12-25-44-13,Attribution CC BY,2001-12-25 00:00:00+00:00,beginning,1 day,5.417,51.45,DAILY,1.0,accumulated_precipitation,mm,1.9,Accumulation over specified period,,Land station,NLE00102089,EINDHOVEN (VB),Passed,229
NLE00109242-2-2001-12-25-44-13,Attribution CC BY,2001-12-25 00:00:00+00:00,beginning,1 day,5.717,50.8,DAILY,1.0,accumulated_precipitation,mm,0.0,Accumulation over specified period,,Land station,NLE00109242,OOST MAARLAND,Passed,229
NLE00109320-2-2001-12-25-44-13,Attribution CC BY,2001-12-25 00:00:00+00:00,beginning,1 day,5.917,50.85,DAILY,1.0,accumulated_precipitation,mm,10.3,Accumulation over specified period,,Land station,NLE00109320,UBACHSBERG,Passed,229
NLE00109320-1-2001-12-25-53-12,Attribution CC BY,2001-12-25 00:00:00+00:00,beginning,1 day,5.917,50.85,DAILY,0.0,snow_depth,cm,0.0,Instantaneous value of observed parameter,,Land station,NLE00109320,UBACHSBERG,Passed,229
NLE00100501-1-2001-12-25-53-12,Attribution CC BY,2001-12-25 00:00:00+00:00,beginning,1 day,5.067,52.65,DAILY,0.0,snow_depth,cm,0.0,Instantaneous value of observed parameter,,Land station,NLE00100501,HOORN,Passed,229
NLE00100501-2-2001-12-25-44-13,Attribution CC BY,2001-12-25 00:00:00+00:00,beginning,1 day,5.067,52.65,DAILY,1.0,accumulated_precipitation,mm,2.5,Accumulation over specified period,,Land station,NLE00100501,HOORN,Passed,229
NLE00109124-1-2001-12-25-53-12,Attribution CC BY,2001-12-25 00:00:00+00:00,beginning,1 day,6.45,52.383,DAILY,0.0,snow_depth,cm,0.0,Instantaneous value of observed parameter,,Land station,NLE00109124,HELLENDOORN,Passed,229
NLE00109124-2-2001-12-25-44-13,Attribution CC BY,2001-12-25 00:00:00+00:00,beginning,1 day,6.45,52.383,DAILY,1.0,accumulated_precipitation,mm,0.7,Accumulation over specified period,,Land station,NLE00109124,HELLENDOORN,Passed,229
NLE00109334-2-2001-12-25-44-13,Attribution CC BY,2001-12-25 00:00:00+00:00,beginning,1 day,6.0,51.517,DAILY,1.0,accumulated_precipitation,mm,1.8,Accumulation over specified period,,Land station,NLE00109334,VENRAY,Passed,229
NLE00109334-1-2001-12-25-53-12,Attribution CC BY,2001-12-25 00:00:00+00:00,beginning,1 day,6.0,51.517,DAILY,0.0,snow_depth,cm,0.0,Instantaneous value of observed parameter,,Land station,NLE00109334,VENRAY,Passed,229
NLE00109048-1-2001-12-25-53-12,Attribution CC BY,2001-12-25 00:00:00+00:00,beginning,1 day,5.85,52.55,DAILY,0.0,snow_depth,cm,0.0,Instantaneous value of observed parameter,,Land station,NLE00109048,DRONTEN,Passed,229
NLE00101971-2-2001-12-25-44-13,Attribution CC BY,2001-12-25 00:00:00+00:00,beginning,1 day,4.1,51.917,DAILY,1.0,accumulated_precipitation,mm,4.4,Accumulation over specified period,,Land station,NLE00101971,OOSTVOORNE,Passed,229
NLE00101971-1-2001-12-25-53-12,Attribution CC BY,2001-12-25 00:00:00+00:00,beginning,1 day,4.1,51.917,DAILY,0.0,snow_depth,cm,0.0,Instantaneous value of observed parameter,,Land station,NLE00101971,OOSTVOORNE,Passed,229
NLE00101963-2-2001-12-25-44-13,Attribution CC BY,2001-12-25 00:00:00+00:00,beginning,1 day,4.617,52.217,DAILY,1.0,accumulated_precipitation,mm,6.2,Accumulation over specified period,,Land station,NLE00101963,ROELOFARENDSVEEN,Passed,229
NLE00101963-1-2001-12-25-53-12,Attribution CC BY,2001-12-25 00:00:00+00:00,beginning,1 day,4.617,52.217,DAILY,0.0,snow_depth,cm,0.0,Instantaneous value of observed parameter,,Land station,NLE00101963,ROELOFARENDSVEEN,Passed,229
NLE00109048-2-2001-12-25-44-13,Attribution CC BY,2001-12-25 00:00:00+00:00,beginning,1 day,5.85,52.55,DAILY,1.0,accumulated_precipitation,mm,0.7,Accumulation over specified period,,Land station,NLE00109048,DRONTEN,Passed,229
NLE00109244-2-2001-12-25-44-13,Attribution CC BY,2001-12-25 00:00:00+00:00,beginning,1 day,5.083,53.3,DAILY,1.0,accumulated_precipitation,mm,3.2,Accumulation over specified period,,Land station,NLE00109244,OOST VLIELAND,Passed,229
NLE00109244-1-2001-12-25-53-12,Attribution CC BY,2001-12-25 00:00:00+00:00,beginning,1 day,5.083,53.3,DAILY,0.0,snow_depth,cm,0.0,Instantaneous value of observed parameter,,Land station,NLE00109244,OOST VLIELAND,Passed,229
NLE00109250-1-2001-12-25-53-12,Attribution CC BY,2001-12-25 00:00:00+00:00,beginning,1 day,5.5,52.867,DAILY,0.0,snow_depth,cm,0.0,Instantaneous value of observed parameter,,Land station,NLE00109250,OUDEMIRDUM,Passed,229
NLE00109250-2-2001-12-25-44-13,Attribution CC BY,2001-12-25 00:00:00+00:00,beginning,1 day,5.5,52.867,DAILY,1.0,accumulated_precipitation,mm,2.2,Accumulation over specified period,,Land station,NLE00109250,OUDEMIRDUM,Passed,229
NLE00101926-2-2001-12-25-44-13,Attribution CC BY,2001-12-25 00:00:00+00:00,beginning,1 day,4.8,52.483,DAILY,1.0,accumulated_precipitation,mm,2.8,Accumulation over specified period,,Land station,NLE00101926,ZAANDIJK,Passed,229
NLE00100500-1-2001-12-25-53-12,Attribution CC BY,2001-12-25 00:00:00+00:00,beginning,1 day,7.067,52.883,DAILY,0.0,snow_depth,cm,0.0,Instantaneous value of observed parameter,,Land station,NLE00100500,TER APEL,Passed,229
NLE00100500-2-2001-12-25-44-13,Attribution CC BY,2001-12-25 00:00:00+00:00,beginning,1 day,7.067,52.883,DAILY,1.0,accumulated_precipitation,mm,1.0,Accumulation over specified period,,Land station,NLE00100500,TER APEL,Passed,229
NLE00100499-2-2001-12-25-44-13,Attribution CC BY,2001-12-25 00:00:00+00:00,beginning,1 day,6.6,53.183,DAILY,1.0,accumulated_precipitation,mm,2.0,Accumulation over specified period,,Land station,NLE00100499,GRONINGEN-1,Passed,229
NLE00100499-1-2001-12-25-53-12,Attribution CC BY,2001-12-25 00:00:00+00:00,beginning,1 day,6.6,53.183,DAILY,0.0,snow_depth,cm,0.0,Instantaneous value of observed parameter,,Land station,NLE00100499,GRONINGEN-1,Passed,229
NLE00101926-1-2001-12-25-53-12,Attribution CC BY,2001-12-25 00:00:00+00:00,beginning,1 day,4.8,52.483,DAILY,0.0,snow_depth,cm,0.0,Instantaneous value of observed parameter,,Land station,NLE00101926,ZAANDIJK,Passed,229
NLE00109246-2-2001-12-25-44-13,Attribution CC BY,2001-12-25 00:00:00+00:00,beginning,1 day,5.833,52.017,DAILY,1.0,accumulated_precipitation,mm,1.3,Accumulation over specified period,,Land station,NLE00109246,OOSTERBEEK,Passed,229
NLE00109246-1-2001-12-25-53-12,Attribution CC BY,2001-12-25 00:00:00+00:00,beginning,1 day,5.833,52.017,DAILY,0.0,snow_depth,cm,0.0,Instantaneous value of observed parameter,,Land station,NLE00109246,OOSTERBEEK,Passed,229
NLE00109122-1-2001-12-25-53-12,Attribution CC BY,2001-12-25 00:00:00+00:00,beginning,1 day,4.733,52.6,DAILY,0.0,snow_depth,cm,0.0,Instantaneous value of observed parameter,,Land station,NLE00109122,HEILOO,Passed,229
NLE00102085-2-2001-12-25-44-13,Attribution CC BY,2001-12-25 00:00:00+00:00,beginning,1 day,5.7,51.4,DAILY,1.0,accumulated_precipitation,mm,2.7,Accumulation over specified period,,Land station,NLE00102085,SOMEREN,Passed,229
NLE00102085-1-2001-12-25-53-12,Attribution CC BY,2001-12-25 00:00:00+00:00,beginning,1 day,5.7,51.4,DAILY,0.0,snow_depth,cm,0.0,Instantaneous value of observed parameter,,Land station,NLE00102085,SOMEREN,Passed,229
NLE00108966-1-2001-12-25-53-12,Attribution CC BY,2001-12-25 00:00:00+00:00,beginning,1 day,5.817,53.05,DAILY,0.0,snow_depth,cm,0.0,Instantaneous value of observed parameter,,Land station,NLE00108966,AKKRUM,Passed,229
NLE00109120-2-2001-12-25-44-13,Attribution CC BY,2001-12-25 00:00:00+00:00,beginning,1 day,5.9,51.283,DAILY,1.0,accumulated_precipitation,mm,3.2,Accumulation over specified period,,Land station,NLE00109120,HEIBLOEM (L),Passed,229
NLE00109120-1-2001-12-25-53-12,Attribution CC BY,2001-12-25 00:00:00+00:00,beginning,1 day,5.9,51.283,DAILY,0.0,snow_depth,cm,0.0,Instantaneous value of observed parameter,,Land station,NLE00109120,HEIBLOEM (L),Passed,229
NLE00108998-1-2001-12-25-53-12,Attribution CC BY,2001-12-25 00:00:00+00:00,beginning,1 day,4.5,51.983,DAILY,0.0,snow_depth,cm,0.0,Instantaneous value of observed parameter,,Land station,NLE00108998,BERGSCHENHOEK,Passed,229
NLE00108998-2-2001-12-25-44-13,Attribution CC BY,2001-12-25 00:00:00+00:00,beginning,1 day,4.5,51.983,DAILY,1.0,accumulated_precipitation,mm,5.2,Accumulation over specified period,,Land station,NLE00108998,BERGSCHENHOEK,Passed,229
NLE00109100-1-2001-12-25-53-12,Attribution CC BY,2001-12-25 00:00:00+00:00,beginning,1 day,3.967,51.817,DAILY,0.0,snow_depth,cm,0.0,Instantaneous value of observed parameter,,Land station,NLE00109100,GOEDEREEDE,Passed,229
NLE00109100-2-2001-12-25-44-13,Attribution CC BY,2001-12-25 00:00:00+00:00,beginning,1 day,3.967,51.817,DAILY,1.0,accumulated_precipitation,mm,4.6,Accumulation over specified period,,Land station,NLE00109100,GOEDEREEDE,Passed,229
NLE00109248-2-2001-12-25-44-13,Attribution CC BY,2001-12-25 00:00:00+00:00,beginning,1 day,5.533,51.767,DAILY,1.0,accumulated_precipitation,mm,1.0,Accumulation over specified period,,Land station,NLE00109248,OSS,Passed,229
NLE00109248-1-2001-12-25-53-12,Attribution CC BY,2001-12-25 00:00:00+00:00,beginning,1 day,5.533,51.767,DAILY,0.0,snow_depth,cm,0.0,Instantaneous value of observed parameter,,Land station,NLE00109248,OSS,Passed,229
NLE00109292-2-2001-12-25-44-13,Attribution CC BY,2001-12-25 00:00:00+00:00,beginning,1 day,5.4,52.25,DAILY,1.0,accumulated_precipitation,mm,0.3,Accumulation over specified period,,Land station,NLE00109292,SPAKENBURG,Passed,229
NLE00109292-1-2001-12-25-53-12,Attribution CC BY,2001-12-25 00:00:00+00:00,beginning,1 day,5.4,52.25,DAILY,0.0,snow_depth,cm,0.0,Instantaneous value of observed parameter,,Land station,NLE00109292,SPAKENBURG,Passed,229
NLE00109284-2-2001-12-25-44-13,Attribution CC BY,2001-12-25 00:00:00+00:00,beginning,1 day,6.083,51.65,DAILY,1.0,accumulated_precipitation,mm,1.1,Accumulation over specified period,,Land station,NLE00109284,SIEBENGEWALD,Passed,229
NLE00109284-1-2001-12-25-53-12,Attribution CC BY,2001-12-25 00:00:00+00:00,beginning,1 day,6.083,51.65,DAILY,0.0,snow_depth,cm,0.0,Instantaneous value of observed parameter,,Land station,NLE00109284,SIEBENGEWALD,Passed,229
NLE00109122-2-2001-12-25-44-13,Attribution CC BY,2001-12-25 00:00:00+00:00,beginning,1 day,4.733,52.6,DAILY,1.0,accumulated_precipitation,mm,1.8,Accumulation over specified period,,Land station,NLE00109122,HEILOO,Passed,229
NLE00108996-2-2001-12-25-44-13,Attribution CC BY,2001-12-25 00:00:00+00:00,beginning,1 day,4.25,51.5,DAILY,1.0,accumulated_precipitation,mm,6.7,Accumulation over specified period,,Land station,NLE00108996,BERGEN OP ZOOM,Passed,229
NLE00102087-2-2001-12-25-44-13,Attribution CC BY,2001-12-25 00:00:00+00:00,beginning,1 day,5.483,51.65,DAILY,1.0,accumulated_precipitation,mm,0.8,Accumulation over specified period,,Land station,NLE00102087,DINTHER,Passed,229
NLE00102087-1-2001-12-25-53-12,Attribution CC BY,2001-12-25 00:00:00+00:00,beginning,1 day,5.483,51.65,DAILY,0.0,snow_depth,cm,0.0,Instantaneous value of observed parameter,,Land station,NLE00102087,DINTHER,Passed,229
NLE00109180-2-2001-12-25-44-13,Attribution CC BY,2001-12-25 00:00:00+00:00,beginning,1 day,5.2,52.25,DAILY,1.0,accumulated_precipitation,mm,2.2,Accumulation over specified period,,Land station,NLE00109180,LAREN,Passed,229
NLE00109180-1-2001-12-25-53-12,Attribution CC BY,2001-12-25 00:00:00+00:00,beginning,1 day,5.2,52.25,DAILY,0.0,snow_depth,cm,0.0,Instantaneous value of observed parameter,,Land station,NLE00109180,LAREN,Passed,229
NLE00108996-1-2001-12-25-53-12,Attribution CC BY,2001-12-25 00:00:00+00:00,beginning,1 day,4.25,51.5,DAILY,0.0,snow_depth,cm,0.0,Instantaneous value of observed parameter,,Land station,NLE00108996,BERGEN OP ZOOM,Passed,229
NLE00109306-1-2001-12-25-53-12,Attribution CC BY,2001-12-25 00:00:00+00:00,beginning,1 day,5.75,50.967,DAILY,0.0,snow_depth,cm,0.0,Instantaneous value of observed parameter,,Land station,NLE00109306,STEIN (L),Passed,229
NLE00101916-2-2001-12-25-44-13,Attribution CC BY,2001-12-25 00:00:00+00:00,beginning,1 day,4.667,52.483,DAILY,1.0,accumulated_precipitation,mm,2.7,Accumulation over specified period,,Land station,NLE00101916,BEVERWIJK,Passed,229
NLE00109306-2-2001-12-25-44-13,Attribution CC BY,2001-12-25 00:00:00+00:00,beginning,1 day,5.75,50.967,DAILY,1.0,accumulated_precipitation,mm,10.1,Accumulation over specified period,,Land station,NLE00109306,STEIN (L),Passed,229
NLE00109058-2-2001-12-25-44-13,Attribution CC BY,2001-12-25 00:00:00+00:00,beginning,1 day,6.467,53.367,DAILY,1.0,accumulated_precipitation,mm,7.2,Accumulation over specified period,,Land station,NLE00109058,EENRUM,Passed,229
NLE00109058-1-2001-12-25-53-12,Attribution CC BY,2001-12-25 00:00:00+00:00,beginning,1 day,6.467,53.367,DAILY,0.0,snow_depth,cm,0.0,Instantaneous value of observed parameter,,Land station,NLE00109058,EENRUM,Passed,229
NLE00109046-1-2001-12-25-53-12,Attribution CC BY,2001-12-25 00:00:00+00:00,beginning,1 day,6.1,53.117,DAILY,0.0,snow_depth,cm,0.0,Instantaneous value of observed parameter,,Land station,NLE00109046,DRACHTEN,Passed,229
NLE00109046-2-2001-12-25-44-13,Attribution CC BY,2001-12-25 00:00:00+00:00,beginning,1 day,6.1,53.117,DAILY,1.0,accumulated_precipitation,mm,4.4,Accumulation over specified period,,Land station,NLE00109046,DRACHTEN,Passed,229
NLE00109148-1-2001-12-25-53-12,Attribution CC BY,2001-12-25 00:00:00+00:00,beginning,1 day,5.7,52.367,DAILY,0.0,snow_depth,cm,0.0,Instantaneous value of observed parameter,,Land station,NLE00109148,HULSHORST,Passed,229
NLE00109148-2-2001-12-25-44-13,Attribution CC BY,2001-12-25 00:00:00+00:00,beginning,1 day,5.7,52.367,DAILY,1.0,accumulated_precipitation,mm,1.6,Accumulation over specified period,,Land station,NLE00109148,HULSHORST,Passed,229
NLE00101946-2-2001-12-25-44-13,Attribution CC BY,2001-12-25 00:00:00+00:00,beginning,1 day,6.733,52.8,DAILY,1.0,accumulated_precipitation,mm,0.3,Accumulation over specified period,,Land station,NLE00101946,ZWEELO,Passed,229
NLE00101946-1-2001-12-25-53-12,Attribution CC BY,2001-12-25 00:00:00+00:00,beginning,1 day,6.733,52.8,DAILY,0.0,snow_depth,cm,0.0,Instantaneous value of observed parameter,,Land station,NLE00101946,ZWEELO,Passed,229
NLE00109068-2-2001-12-25-44-13,Attribution CC BY,2001-12-25 00:00:00+00:00,beginning,1 day,6.883,52.783,DAILY,1.0,accumulated_precipitation,mm,0.9,Accumulation over specified period,,Land station,NLE00109068,EMMEN,Passed,229
NLE00109068-1-2001-12-25-53-12,Attribution CC BY,2001-12-25 00:00:00+00:00,beginning,1 day,6.883,52.783,DAILY,0.0,snow_depth,cm,0.0,Instantaneous value of observed parameter,,Land station,NLE00109068,EMMEN,Passed,229
NLE00109182-2-2001-12-25-44-13,Attribution CC BY,2001-12-25 00:00:00+00:00,beginning,1 day,5.533,51.333,DAILY,1.0,accumulated_precipitation,mm,2.6,Accumulation over specified period,,Land station,NLE00109182,LEENDE,Passed,229
NLE00109182-1-2001-12-25-53-12,Attribution CC BY,2001-12-25 00:00:00+00:00,beginning,1 day,5.533,51.333,DAILY,0.0,snow_depth,cm,0.0,Instantaneous value of observed parameter,,Land station,NLE00109182,LEENDE,Passed,229
NLE00109064-2-2001-12-25-44-13,Attribution CC BY,2001-12-25 00:00:00+00:00,beginning,1 day,5.25,51.35,DAILY,1.0,accumulated_precipitation,mm,2.4,Accumulation over specified period,,Land station,NLE00109064,EERSEL,Passed,229
NLE00109064-1-2001-12-25-53-12,Attribution CC BY,2001-12-25 00:00:00+00:00,beginning,1 day,5.25,51.35,DAILY,0.0,snow_depth,cm,0.0,Instantaneous value of observed parameter,,Land station,NLE00109064,EERSEL,Passed,229
NLE00101914-1-2001-12-25-53-12,Attribution CC BY,2001-12-25 00:00:00+00:00,beginning,1 day,6.75,53.35,DAILY,0.0,snow_depth,cm,0.0,Instantaneous value of observed parameter,,Land station,NLE00101914,ZEERIJP,Passed,229
NLE00101914-2-2001-12-25-44-13,Attribution CC BY,2001-12-25 00:00:00+00:00,beginning,1 day,6.75,53.35,DAILY,1.0,accumulated_precipitation,mm,7.2,Accumulation over specified period,,Land station,NLE00101914,ZEERIJP,Passed,229
NLE00109338-2-2001-12-25-44-13,Attribution CC BY,2001-12-25 00:00:00+00:00,beginning,1 day,5.0,52.083,DAILY,1.0,accumulated_precipitation,mm,2.4,Accumulation over specified period,,Land station,NLE00109338,VLEUTEN,Passed,229
NLE00109338-1-2001-12-25-53-12,Attribution CC BY,2001-12-25 00:00:00+00:00,beginning,1 day,5.0,52.083,DAILY,0.0,snow_depth,cm,0.0,Instantaneous value of observed parameter,,Land station,NLE00109338,VLEUTEN,Passed,229
NLE00102032-1-2001-12-25-53-12,Attribution CC BY,2001-12-25 00:00:00+00:00,beginning,1 day,6.3,52.15,DAILY,0.0,snow_depth,cm,0.0,Instantaneous value of observed parameter,,Land station,NLE00102032,ALMEN,Passed,229
NLE00102032-2-2001-12-25-44-13,Attribution CC BY,2001-12-25 00:00:00+00:00,beginning,1 day,6.3,52.15,DAILY,1.0,accumulated_precipitation,mm,1.0,Accumulation over specified period,,Land station,NLE00102032,ALMEN,Passed,229
NLE00109184-2-2001-12-25-44-13,Attribution CC BY,2001-12-25 00:00:00+00:00,beginning,1 day,4.483,52.133,DAILY,1.0,accumulated_precipitation,mm,6.0,Accumulation over specified period,,Land station,NLE00109184,LEIDEN,Passed,229
NLE00109184-1-2001-12-25-53-12,Attribution CC BY,2001-12-25 00:00:00+00:00,beginning,1 day,4.483,52.133,DAILY,0.0,snow_depth,cm,0.0,Instantaneous value of observed parameter,,Land station,NLE00109184,LEIDEN,Passed,229
NLE00108974-1-2001-12-25-53-12,Attribution CC BY,2001-12-25 00:00:00+00:00,beginning,1 day,4.917,52.367,DAILY,0.0,snow_depth,cm,0.0,Instantaneous value of observed parameter,,Land station,NLE00108974,AMSTERDAM,Passed,229
NLE00109168-1-2001-12-25-53-12,Attribution CC BY,2001-12-25 00:00:00+00:00,beginning,1 day,5.333,53.067,DAILY,0.0,snow_depth,cm,0.0,Instantaneous value of observed parameter,,Land station,NLE00109168,KORNWERDERZAND,Passed,229
NLE00109168-2-2001-12-25-44-13,Attribution CC BY,2001-12-25 00:00:00+00:00,beginning,1 day,5.333,53.067,DAILY,1.0,accumulated_precipitation,mm,1.7,Accumulation over specified period,,Land station,NLE00109168,KORNWERDERZAND,Passed,229
NLE00102011-2-2001-12-25-44-13,Attribution CC BY,2001-12-25 00:00:00+00:00,beginning,1 day,5.883,52.067,DAILY,1.0,accumulated_precipitation,mm,0.8,Accumulation over specified period,,Land station,NLE00102011,DEELEN-1,Passed,229
NLE00102051-2-2001-12-25-44-13,Attribution CC BY,2001-12-25 00:00:00+00:00,beginning,1 day,3.7,51.7,DAILY,1.0,accumulated_precipitation,mm,6.0,Accumulation over specified period,,Land station,NLE00102051,HAAMSTEDE,Passed,229
NLE00102051-1-2001-12-25-53-12,Attribution CC BY,2001-12-25 00:00:00+00:00,beginning,1 day,3.7,51.7,DAILY,0.0,snow_depth,cm,0.0,Instantaneous value of observed parameter,,Land station,NLE00102051,HAAMSTEDE,Passed,229
NLE00109172-2-2001-12-25-44-13,Attribution CC BY,2001-12-25 00:00:00+00:00,beginning,1 day,4.1,51.433,DAILY,1.0,accumulated_precipitation,mm,5.2,Accumulation over specified period,,Land station,NLE00109172,KRABBENDIJKE,Passed,229
NLE00101933-1-2001-12-25-53-12,Attribution CC BY,2001-12-25 00:00:00+00:00,beginning,1 day,6.467,52.717,DAILY,0.0,snow_depth,cm,0.0,Instantaneous value of observed parameter,,Land station,NLE00101933,HOOGEVEEN-1,Passed,229
NLE00109172-1-2001-12-25-53-12,Attribution CC BY,2001-12-25 00:00:00+00:00,beginning,1 day,4.1,51.433,DAILY,0.0,snow_depth,cm,0.0,Instantaneous value of observed parameter,,Land station,NLE00109172,KRABBENDIJKE,Passed,229
NLE00109044-1-2001-12-25-53-12,Attribution CC BY,2001-12-25 00:00:00+00:00,beginning,1 day,5.333,52.05,DAILY,0.0,snow_depth,cm,0.0,Instantaneous value of observed parameter,,Land station,NLE00109044,DOORN,Passed,229
NLE00109044-2-2001-12-25-44-13,Attribution CC BY,2001-12-25 00:00:00+00:00,beginning,1 day,5.333,52.05,DAILY,1.0,accumulated_precipitation,mm,1.2,Accumulation over specified period,,Land station,NLE00109044,DOORN,Passed,229
NLE00101933-2-2001-12-25-44-13,Attribution CC BY,2001-12-25 00:00:00+00:00,beginning,1 day,6.467,52.717,DAILY,1.0,accumulated_precipitation,mm,2.7,Accumulation over specified period,,Land station,NLE00101933,HOOGEVEEN-1,Passed,229
NLE00101928-2-2001-12-25-44-13,Attribution CC BY,2001-12-25 00:00:00+00:00,beginning,1 day,5.1,52.783,DAILY,1.0,accumulated_precipitation,mm,3.7,Accumulation over specified period,,Land station,NLE00101928,MEDEMBLIK,Passed,229
NLE00101928-1-2001-12-25-53-12,Attribution CC BY,2001-12-25 00:00:00+00:00,beginning,1 day,5.1,52.783,DAILY,0.0,snow_depth,cm,0.0,Instantaneous value of observed parameter,,Land station,NLE00101928,MEDEMBLIK,Passed,229
NLE00101912-1-2001-12-25-53-12,Attribution CC BY,2001-12-25 00:00:00+00:00,beginning,1 day,6.433,53.15,DAILY,0.0,snow_depth,cm,0.0,Instantaneous value of observed parameter,,Land station,NLE00101912,RODEN,Passed,229
NLE00101912-2-2001-12-25-44-13,Attribution CC BY,2001-12-25 00:00:00+00:00,beginning,1 day,6.433,53.15,DAILY,1.0,accumulated_precipitation,mm,5.6,Accumulation over specified period,,Land station,NLE00101912,RODEN,Passed,229
NLE00108974-2-2001-12-25-44-13,Attribution CC BY,2001-12-25 00:00:00+00:00,beginning,1 day,4.917,52.367,DAILY,1.0,accumulated_precipitation,mm,2.3,Accumulation over specified period,,Land station,NLE00108974,AMSTERDAM,Passed,229
NLE00109304-1-2001-12-25-53-12,Attribution CC BY,2001-12-25 00:00:00+00:00,beginning,1 day,6.683,52.667,DAILY,0.0,snow_depth,cm,0.0,Instantaneous value of observed parameter,,Land station,NLE00109304,STEENWIJKSMOER,Passed,229
NLE00109304-2-2001-12-25-44-13,Attribution CC BY,2001-12-25 00:00:00+00:00,beginning,1 day,6.683,52.667,DAILY,1.0,accumulated_precipitation,mm,0.1,Accumulation over specified period,,Land station,NLE00109304,STEENWIJKSMOER,Passed,229
NLE00109166-1-2001-12-25-53-12,Attribution CC BY,2001-12-25 00:00:00+00:00,beginning,1 day,5.833,52.183,DAILY,0.0,snow_depth,cm,0.0,Instantaneous value of observed parameter,,Land station,NLE00109166,KOOTWIJK,Passed,229
NLE00109166-2-2001-12-25-44-13,Attribution CC BY,2001-12-25 00:00:00+00:00,beginning,1 day,5.833,52.183,DAILY,1.0,accumulated_precipitation,mm,1.6,Accumulation over specified period,,Land station,NLE00109166,KOOTWIJK,Passed,229
NLE00109186-2-2001-12-25-44-13,Attribution CC BY,2001-12-25 00:00:00+00:00,beginning,1 day,6.567,52.0,DAILY,1.0,accumulated_precipitation,mm,0.9,Accumulation over specified period,,Land station,NLE00109186,LICHTENVOORDE,Passed,229
NLE00109186-1-2001-12-25-53-12,Attribution CC BY,2001-12-25 00:00:00+00:00,beginning,1 day,6.567,52.0,DAILY,0.0,snow_depth,cm,0.0,Instantaneous value of observed parameter,,Land station,NLE00109186,LICHTENVOORDE,Passed,229
NLE00102009-1-2001-12-25-53-12,Attribution CC BY,2001-12-25 00:00:00+00:00,beginning,1 day,5.583,52.133,DAILY,0.0,snow_depth,cm,0.0,Instantaneous value of observed parameter,,Land station,NLE00102009,BARNEVELD,Passed,229
NLE00102009-2-2001-12-25-44-13,Attribution CC BY,2001-12-25 00:00:00+00:00,beginning,1 day,5.583,52.133,DAILY,1.0,accumulated_precipitation,mm,1.0,Accumulation over specified period,,Land station,NLE00102009,BARNEVELD,Passed,229
NLE00102053-2-2001-12-25-44-13,Attribution CC BY,2001-12-25 00:00:00+00:00,beginning,1 day,3.817,51.433,DAILY,1.0,accumulated_precipitation,mm,1.5,Accumulation over specified period,,Land station,NLE00102053,OVEZANDE,Passed,229
NLE00102053-1-2001-12-25-53-12,Attribution CC BY,2001-12-25 00:00:00+00:00,beginning,1 day,3.817,51.433,DAILY,0.0,snow_depth,cm,0.0,Instantaneous value of observed parameter,,Land station,NLE00102053,OVEZANDE,Passed,229
NLE00102036-2-2001-12-25-44-13,Attribution CC BY,2001-12-25 00:00:00+00:00,beginning,1 day,6.5,52.233,DAILY,1.0,accumulated_precipitation,mm,1.1,Accumulation over specified period,,Land station,NLE00102036,MARKELO,Passed,229
NLE00102036-1-2001-12-25-53-12,Attribution CC BY,2001-12-25 00:00:00+00:00,beginning,1 day,6.5,52.233,DAILY,0.0,snow_depth,cm,0.0,Instantaneous value of observed parameter,,Land station,NLE00102036,MARKELO,Passed,229
NLE00109060-2-2001-12-25-44-13,Attribution CC BY,2001-12-25 00:00:00+00:00,beginning,1 day,6.067,52.117,DAILY,1.0,accumulated_precipitation,mm,1.5,Accumulation over specified period,,Land station,NLE00109060,EERBEEK,Passed,229
NLE00109060-1-2001-12-25-53-12,Attribution CC BY,2001-12-25 00:00:00+00:00,beginning,1 day,6.067,52.117,DAILY,0.0,snow_depth,cm,0.0,Instantaneous value of observed parameter,,Land station,NLE00109060,EERBEEK,Passed,229
NLE00109042-1-2001-12-25-53-12,Attribution CC BY,2001-12-25 00:00:00+00:00,beginning,1 day,5.983,53.317,DAILY,0.0,snow_depth,cm,0.0,Instantaneous value of observed parameter,,Land station,NLE00109042,DOKKUM,Passed,229
NLE00109042-2-2001-12-25-44-13,Attribution CC BY,2001-12-25 00:00:00+00:00,beginning,1 day,5.983,53.317,DAILY,1.0,accumulated_precipitation,mm,7.4,Accumulation over specified period,,Land station,NLE00109042,DOKKUM,Passed,229
NLE00109146-1-2001-12-25-53-12,Attribution CC BY,2001-12-25 00:00:00+00:00,beginning,1 day,4.967,52.733,DAILY,0.0,snow_depth,cm,0.0,Instantaneous value of observed parameter,,Land station,NLE00109146,HOOGWOUD,Passed,229
NLE00109146-2-2001-12-25-44-13,Attribution CC BY,2001-12-25 00:00:00+00:00,beginning,1 day,4.967,52.733,DAILY,1.0,accumulated_precipitation,mm,3.5,Accumulation over specified period,,Land station,NLE00109146,HOOGWOUD,Passed,229
NLE00101948-2-2001-12-25-44-13,Attribution CC BY,2001-12-25 00:00:00+00:00,beginning,1 day,5.633,52.667,DAILY,1.0,accumulated_precipitation,mm,1.3,Accumulation over specified period,,Land station,NLE00101948,TOLLEBEEK,Passed,229
NLE00109190-2-2001-12-25-44-13,Attribution CC BY,2001-12-25 00:00:00+00:00,beginning,1 day,4.75,52.35,DAILY,1.0,accumulated_precipitation,mm,2.1,Accumulation over specified period,,Land station,NLE00109190,LIJNDEN (NH),Passed,229
NLE00109190-1-2001-12-25-53-12,Attribution CC BY,2001-12-25 00:00:00+00:00,beginning,1 day,4.75,52.35,DAILY,0.0,snow_depth,cm,0.0,Instantaneous value of observed parameter,,Land station,NLE00109190,LIJNDEN (NH),Passed,229
NLE00102030-1-2001-12-25-53-12,Attribution CC BY,2001-12-25 00:00:00+00:00,beginning,1 day,6.85,52.35,DAILY,0.0,snow_depth,cm,0.0,Instantaneous value of observed parameter,,Land station,NLE00102030,WEERSELO,Passed,229
NLE00102030-2-2001-12-25-44-13,Attribution CC BY,2001-12-25 00:00:00+00:00,beginning,1 day,6.85,52.35,DAILY,1.0,accumulated_precipitation,mm,0.1,Accumulation over specified period,,Land station,NLE00102030,WEERSELO,Passed,229
NLE00101910-1-2001-12-25-53-12,Attribution CC BY,2001-12-25 00:00:00+00:00,beginning,1 day,7.117,53.033,DAILY,0.0,snow_depth,cm,0.0,Instantaneous value of observed parameter,,Land station,NLE00101910,VLAGTWEDDE,Passed,229
NLE00101910-2-2001-12-25-44-13,Attribution CC BY,2001-12-25 00:00:00+00:00,beginning,1 day,7.117,53.033,DAILY,1.0,accumulated_precipitation,mm,1.5,Accumulation over specified period,,Land station,NLE00101910,VLAGTWEDDE,Passed,229
NLE00109324-2-2001-12-25-44-13,Attribution CC BY,2001-12-25 00:00:00+00:00,beginning,1 day,6.0,50.783,DAILY,1.0,accumulated_precipitation,mm,14.3,Accumulation over specified period,,Land station,NLE00109324,VAALS,Passed,229
NLE00102055-2-2001-12-25-44-13,Attribution CC BY,2001-12-25 00:00:00+00:00,beginning,1 day,4.217,51.533,DAILY,1.0,accumulated_precipitation,mm,6.1,Accumulation over specified period,,Land station,NLE00102055,THOLEN-1,Passed,229
NLE00102055-1-2001-12-25-53-12,Attribution CC BY,2001-12-25 00:00:00+00:00,beginning,1 day,4.217,51.533,DAILY,0.0,snow_depth,cm,0.0,Instantaneous value of observed parameter,,Land station,NLE00102055,THOLEN-1,Passed,229
NLE00109324-1-2001-12-25-53-12,Attribution CC BY,2001-12-25 00:00:00+00:00,beginning,1 day,6.0,50.783,DAILY,0.0,snow_depth,cm,0.0,Instantaneous value of observed parameter,,Land station,NLE00109324,VAALS,Passed,229
NLE00109038-1-2001-12-25-53-12,Attribution CC BY,2001-12-25 00:00:00+00:00,beginning,1 day,5.767,51.45,DAILY,0.0,snow_depth,cm,0.0,Instantaneous value of observed parameter,,Land station,NLE00109038,DEURNE,Passed,229
NLE00109038-2-2001-12-25-44-13,Attribution CC BY,2001-12-25 00:00:00+00:00,beginning,1 day,5.767,51.45,DAILY,1.0,accumulated_precipitation,mm,2.4,Accumulation over specified period,,Land station,NLE00109038,DEURNE,Passed,229
NLE00109164-1-2001-12-25-53-12,Attribution CC BY,2001-12-25 00:00:00+00:00,beginning,1 day,6.133,53.283,DAILY,0.0,snow_depth,cm,0.0,Instantaneous value of observed parameter,,Land station,NLE00109164,KOLLUM,Passed,229
NLE00109164-2-2001-12-25-44-13,Attribution CC BY,2001-12-25 00:00:00+00:00,beginning,1 day,6.133,53.283,DAILY,1.0,accumulated_precipitation,mm,6.7,Accumulation over specified period,,Land station,NLE00109164,KOLLUM,Passed,229
NLE00109192-2-2001-12-25-44-13,Attribution CC BY,2001-12-25 00:00:00+00:00,beginning,1 day,4.55,52.267,DAILY,1.0,accumulated_precipitation,mm,2.7,Accumulation over specified period,,Land station,NLE00109192,LISSE,Passed,229
NLE00109192-1-2001-12-25-53-12,Attribution CC BY,2001-12-25 00:00:00+00:00,beginning,1 day,4.55,52.267,DAILY,0.0,snow_depth,cm,0.0,Instantaneous value of observed parameter,,Land station,NLE00109192,LISSE,Passed,229
NLE00101930-2-2001-12-25-44-13,Attribution CC BY,2001-12-25 00:00:00+00:00,beginning,1 day,5.033,52.917,DAILY,1.0,accumulated_precipitation,mm,3.1,Accumulation over specified period,,Land station,NLE00101930,DEN OEVER,Passed,229
NLE00101930-1-2001-12-25-53-12,Attribution CC BY,2001-12-25 00:00:00+00:00,beginning,1 day,5.033,52.917,DAILY,0.0,snow_depth,cm,0.0,Instantaneous value of observed parameter,,Land station,NLE00101930,DEN OEVER,Passed,229
NLE00109052-1-2001-12-25-53-12,Attribution CC BY,2001-12-25 00:00:00+00:00,beginning,1 day,6.417,52.817,DAILY,0.0,snow_depth,cm,0.0,Instantaneous value of observed parameter,,Land station,NLE00109052,DWINGELO,Passed,229
NLE00109052-2-2001-12-25-44-13,Attribution CC BY,2001-12-25 00:00:00+00:00,beginning,1 day,6.417,52.817,DAILY,1.0,accumulated_precipitation,mm,1.3,Accumulation over specified period,,Land station,NLE00109052,DWINGELO,Passed,229
NLE00109036-1-2001-12-25-53-12,Attribution CC BY,2001-12-25 00:00:00+00:00,beginning,1 day,7.033,52.383,DAILY,0.0,snow_depth,cm,0.0,Instantaneous value of observed parameter,,Land station,NLE00109036,DENEKAMP,Passed,229
NLE00109036-2-2001-12-25-44-13,Attribution CC BY,2001-12-25 00:00:00+00:00,beginning,1 day,7.033,52.383,DAILY,1.0,accumulated_precipitation,mm,1.2,Accumulation over specified period,,Land station,NLE00109036,DENEKAMP,Passed,229
NLE00109280-2-2001-12-25-44-13,Attribution CC BY,2001-12-25 00:00:00+00:00,beginning,1 day,5.983,50.983,DAILY,1.0,accumulated_precipitation,mm,14.1,Accumulation over specified period,,Land station,NLE00109280,SCHINVELD,Passed,229
NLE00101908-1-2001-12-25-53-12,Attribution CC BY,2001-12-25 00:00:00+00:00,beginning,1 day,6.733,53.0,DAILY,0.0,snow_depth,cm,0.0,Instantaneous value of observed parameter,,Land station,NLE00101908,EEXT,Passed,229
NLE00101908-2-2001-12-25-44-13,Attribution CC BY,2001-12-25 00:00:00+00:00,beginning,1 day,6.733,53.0,DAILY,1.0,accumulated_precipitation,mm,2.6,Accumulation over specified period,,Land station,NLE00101908,EEXT,Passed,229
NLE00109144-1-2001-12-25-53-12,Attribution CC BY,2001-12-25 00:00:00+00:00,beginning,1 day,5.167,52.683,DAILY,0.0,snow_depth,cm,0.0,Instantaneous value of observed parameter,,Land station,NLE00109144,HOOGKARSPEL,Passed,229
NLE00102034-1-2001-12-25-53-12,Attribution CC BY,2001-12-25 00:00:00+00:00,beginning,1 day,6.267,52.267,DAILY,0.0,snow_depth,cm,0.0,Instantaneous value of observed parameter,,Land station,NLE00102034,LETTELE,Passed,229
NLE00102034-2-2001-12-25-44-13,Attribution CC BY,2001-12-25 00:00:00+00:00,beginning,1 day,6.267,52.267,DAILY,1.0,accumulated_precipitation,mm,1.8,Accumulation over specified period,,Land station,NLE00102034,LETTELE,Passed,229
NLE00109308-1-2001-12-25-53-12,Attribution CC BY,2001-12-25 00:00:00+00:00,beginning,1 day,5.717,51.183,DAILY,0.0,snow_depth,cm,0.0,Instantaneous value of observed parameter,,Land station,NLE00109308,STRAMPROY,Passed,229
NLE00109144-2-2001-12-25-44-13,Attribution CC BY,2001-12-25 00:00:00+00:00,beginning,1 day,5.167,52.683,DAILY,1.0,accumulated_precipitation,mm,3.8,Accumulation over specified period,,Land station,NLE00109144,HOOGKARSPEL,Passed,229
NLE00109070-2-2001-12-25-44-13,Attribution CC BY,2001-12-25 00:00:00+00:00,beginning,1 day,6.917,52.2,DAILY,1.0,accumulated_precipitation,mm,0.5,Accumulation over specified period,,Land station,NLE00109070,ENSCHEDE,Passed,229
NLE00109070-1-2001-12-25-53-12,Attribution CC BY,2001-12-25 00:00:00+00:00,beginning,1 day,6.917,52.2,DAILY,0.0,snow_depth,cm,0.0,Instantaneous value of observed parameter,,Land station,NLE00109070,ENSCHEDE,Passed,229
NLE00101932-2-2001-12-25-44-13,Attribution CC BY,2001-12-25 00:00:00+00:00,beginning,1 day,5.1,52.467,DAILY,1.0,accumulated_precipitation,mm,1.9,Accumulation over specified period,,Land station,NLE00101932,MARKEN,Passed,229
NLE00109054-2-2001-12-25-44-13,Attribution CC BY,2001-12-25 00:00:00+00:00,beginning,1 day,5.05,52.517,DAILY,1.0,accumulated_precipitation,mm,2.4,Accumulation over specified period,,Land station,NLE00109054,EDAM,Passed,229
NLE00109280-1-2001-12-25-53-12,Attribution CC BY,2001-12-25 00:00:00+00:00,beginning,1 day,5.983,50.983,DAILY,0.0,snow_depth,cm,0.0,Instantaneous value of observed parameter,,Land station,NLE00109280,SCHINVELD,Passed,229
NLE00109308-2-2001-12-25-44-13,Attribution CC BY,2001-12-25 00:00:00+00:00,beginning,1 day,5.717,51.183,DAILY,1.0,accumulated_precipitation,mm,5.0,Accumulation over specified period,,Land station,NLE00109308,STRAMPROY,Passed,229
NLE00108968-2-2001-12-25-44-13,Attribution CC BY,2001-12-25 00:00:00+00:00,beginning,1 day,6.667,52.35,DAILY,1.0,accumulated_precipitation,mm,0.6,Accumulation over specified period,,Land station,NLE00108968,ALMELO,Passed,229
NLE00108968-1-2001-12-25-53-12,Attribution CC BY,2001-12-25 00:00:00+00:00,beginning,1 day,6.667,52.35,DAILY,0.0,snow_depth,cm,0.0,Instantaneous value of observed parameter,,Land station,NLE00108968,ALMELO,Passed,229
NLE00109328-2-2001-12-25-44-13,Attribution CC BY,2001-12-25 00:00:00+00:00,beginning,1 day,6.833,53.1,DAILY,1.0,accumulated_precipitation,mm,1.4,Accumulation over specified period,,Land station,NLE00109328,VEENDAM,Passed,229
NLE00109328-1-2001-12-25-53-12,Attribution CC BY,2001-12-25 00:00:00+00:00,beginning,1 day,6.833,53.1,DAILY,0.0,snow_depth,cm,0.0,Instantaneous value of observed parameter,,Land station,NLE00109328,VEENDAM,Passed,229
NLE00108970-1-2001-12-25-53-12,Attribution CC BY,2001-12-25 00:00:00+00:00,beginning,1 day,5.467,52.0,DAILY,0.0,snow_depth,cm,0.0,Instantaneous value of observed parameter,,Land station,NLE00108970,AMERONGEN,Passed,229
NLE00108970-2-2001-12-25-44-13,Attribution CC BY,2001-12-25 00:00:00+00:00,beginning,1 day,5.467,52.0,DAILY,1.0,accumulated_precipitation,mm,1.3,Accumulation over specified period,,Land station,NLE00108970,AMERONGEN,Passed,229
NLE00109274-1-2001-12-25-53-12,Attribution CC BY,2001-12-25 00:00:00+00:00,beginning,1 day,4.8,52.783,DAILY,0.0,snow_depth,cm,0.0,Instantaneous value of observed parameter,,Land station,NLE00109274,SCHAGEN,Passed,229
NLE00109194-2-2001-12-25-44-13,Attribution CC BY,2001-12-25 00:00:00+00:00,beginning,1 day,6.383,52.15,DAILY,1.0,accumulated_precipitation,mm,0.5,Accumulation over specified period,,Land station,NLE00109194,LOCHEM,Passed,229
NLE00109194-1-2001-12-25-53-12,Attribution CC BY,2001-12-25 00:00:00+00:00,beginning,1 day,6.383,52.15,DAILY,0.0,snow_depth,cm,0.0,Instantaneous value of observed parameter,,Land station,NLE00109194,LOCHEM,Passed,229
NLE00109062-2-2001-12-25-44-13,Attribution CC BY,2001-12-25 00:00:00+00:00,beginning,1 day,5.95,53.133,DAILY,1.0,accumulated_precipitation,mm,3.9,Accumulation over specified period,,Land station,NLE00109062,EERNEWOUDE,Passed,229
NLE00109062-1-2001-12-25-53-12,Attribution CC BY,2001-12-25 00:00:00+00:00,beginning,1 day,5.95,53.133,DAILY,0.0,snow_depth,cm,0.0,Instantaneous value of observed parameter,,Land station,NLE00109062,EERNEWOUDE,Passed,229
NLE00101906-1-2001-12-25-53-12,Attribution CC BY,2001-12-25 00:00:00+00:00,beginning,1 day,6.3,53.333,DAILY,0.0,snow_depth,cm,0.0,Instantaneous value of observed parameter,,Land station,NLE00101906,ZOUTKAMP,Passed,229
NLE00101906-2-2001-12-25-44-13,Attribution CC BY,2001-12-25 00:00:00+00:00,beginning,1 day,6.3,53.333,DAILY,1.0,accumulated_precipitation,mm,5.3,Accumulation over specified period,,Land station,NLE00101906,ZOUTKAMP,Passed,229
NLE00109112-1-2001-12-25-53-12,Attribution CC BY,2001-12-25 00:00:00+00:00,beginning,1 day,5.433,53.183,DAILY,0.0,snow_depth,cm,0.0,Instantaneous value of observed parameter,,Land station,NLE00109112,HARLINGEN,Passed,229
NLE00109310-2-2001-12-25-44-13,Attribution CC BY,2001-12-25 00:00:00+00:00,beginning,1 day,4.583,51.767,DAILY,1.0,accumulated_precipitation,mm,3.9,Accumulation over specified period,,Land station,NLE00109310,STRIJEN,Passed,229
NLE00109310-1-2001-12-25-53-12,Attribution CC BY,2001-12-25 00:00:00+00:00,beginning,1 day,4.583,51.767,DAILY,0.0,snow_depth,cm,0.0,Instantaneous value of observed parameter,,Land station,NLE00109310,STRIJEN,Passed,229
NLE00109012-1-2001-12-25-53-12,Attribution CC BY,2001-12-25 00:00:00+00:00,beginning,1 day,3.55,51.4,DAILY,0.0,snow_depth,cm,0.0,Instantaneous value of observed parameter,,Land station,NLE00109012,BRESKENS,Passed,229
NLE00109012-2-2001-12-25-44-13,Attribution CC BY,2001-12-25 00:00:00+00:00,beginning,1 day,3.55,51.4,DAILY,1.0,accumulated_precipitation,mm,1.5,Accumulation over specified period,,Land station,NLE00109012,BRESKENS,Passed,229
NLE00100510-2-2001-12-25-44-13,Attribution CC BY,2001-12-25 00:00:00+00:00,beginning,1 day,5.967,51.183,DAILY,1.0,accumulated_precipitation,mm,4.7,Accumulation over specified period,,Land station,NLE00100510,ROERMOND,Passed,229
NLE00109132-1-2001-12-25-53-12,Attribution CC BY,2001-12-25 00:00:00+00:00,beginning,1 day,5.5,53.183,DAILY,0.0,snow_depth,cm,0.0,Instantaneous value of observed parameter,,Land station,NLE00109132,HERBAYUM,Passed,229
NLE00109132-2-2001-12-25-44-13,Attribution CC BY,2001-12-25 00:00:00+00:00,beginning,1 day,5.5,53.183,DAILY,1.0,accumulated_precipitation,mm,3.5,Accumulation over specified period,,Land station,NLE00109132,HERBAYUM,Passed,229
NLE00109226-2-2001-12-25-44-13,Attribution CC BY,2001-12-25 00:00:00+00:00,beginning,1 day,5.467,52.233,DAILY,1.0,accumulated_precipitation,mm,0.9,Accumulation over specified period,,Land station,NLE00109226,NIJKERK,Passed,229
NLE00109226-1-2001-12-25-53-12,Attribution CC BY,2001-12-25 00:00:00+00:00,beginning,1 day,5.467,52.233,DAILY,0.0,snow_depth,cm,0.0,Instantaneous value of observed parameter,,Land station,NLE00109226,NIJKERK,Passed,229
NLE00109262-1-2001-12-25-53-12,Attribution CC BY,2001-12-25 00:00:00+00:00,beginning,1 day,4.183,51.417,DAILY,0.0,snow_depth,cm,0.0,Instantaneous value of observed parameter,,Land station,NLE00109262,RILLAND,Passed,229
NLE00101920-1-2001-12-25-53-12,Attribution CC BY,2001-12-25 00:00:00+00:00,beginning,1 day,4.967,52.383,DAILY,0.0,snow_depth,cm,0.0,Instantaneous value of observed parameter,,Land station,NLE00101920,SCHELLINGWOUDE,Passed,229
NLE00101920-2-2001-12-25-44-13,Attribution CC BY,2001-12-25 00:00:00+00:00,beginning,1 day,4.967,52.383,DAILY,1.0,accumulated_precipitation,mm,1.1,Accumulation over specified period,,Land station,NLE00101920,SCHELLINGWOUDE,Passed,229
NLE00109084-2-2001-12-25-44-13,Attribution CC BY,2001-12-25 00:00:00+00:00,beginning,1 day,6.2,52.85,DAILY,1.0,accumulated_precipitation,mm,1.6,Accumulation over specified period,,Land station,NLE00109084,FREDERIKSOORD,Passed,229
NLE00109084-1-2001-12-25-53-12,Attribution CC BY,2001-12-25 00:00:00+00:00,beginning,1 day,6.2,52.85,DAILY,0.0,snow_depth,cm,0.0,Instantaneous value of observed parameter,,Land station,NLE00109084,FREDERIKSOORD,Passed,229
NLE00109332-2-2001-12-25-44-13,Attribution CC BY,2001-12-25 00:00:00+00:00,beginning,1 day,6.4,53.05,DAILY,1.0,accumulated_precipitation,mm,2.3,Accumulation over specified period,,Land station,NLE00109332,VEENHUIZEN (D),Passed,229
NLE00109332-1-2001-12-25-53-12,Attribution CC BY,2001-12-25 00:00:00+00:00,beginning,1 day,6.4,53.05,DAILY,0.0,snow_depth,cm,0.0,Instantaneous value of observed parameter,,Land station,NLE00109332,VEENHUIZEN (D),Passed,229
NLE00109262-2-2001-12-25-44-13,Attribution CC BY,2001-12-25 00:00:00+00:00,beginning,1 day,4.183,51.417,DAILY,1.0,accumulated_precipitation,mm,2.6,Accumulation over specified period,,Land station,NLE00109262,RILLAND,Passed,229
NLE00100509-1-2001-12-25-53-12,Attribution CC BY,2001-12-25 00:00:00+00:00,beginning,1 day,4.533,51.567,DAILY,0.0,snow_depth,cm,0.0,Instantaneous value of observed parameter,,Land station,NLE00100509,OUDENBOSCH,Passed,229
NLE00100509-2-2001-12-25-44-13,Attribution CC BY,2001-12-25 00:00:00+00:00,beginning,1 day,4.533,51.567,DAILY,1.0,accumulated_precipitation,mm,5.6,Accumulation over specified period,,Land station,NLE00100509,OUDENBOSCH,Passed,229
NLE00101967-1-2001-12-25-53-12,Attribution CC BY,2001-12-25 00:00:00+00:00,beginning,1 day,4.417,51.733,DAILY,0.0,snow_depth,cm,0.0,Instantaneous value of observed parameter,,Land station,NLE00101967,NUMANSDORP,Passed,229
NLE00101967-2-2001-12-25-44-13,Attribution CC BY,2001-12-25 00:00:00+00:00,beginning,1 day,4.417,51.733,DAILY,1.0,accumulated_precipitation,mm,3.1,Accumulation over specified period,,Land station,NLE00101967,NUMANSDORP,Passed,229
NLE00109228-2-2001-12-25-44-13,Attribution CC BY,2001-12-25 00:00:00+00:00,beginning,1 day,5.817,50.767,DAILY,1.0,accumulated_precipitation,mm,9.2,Accumulation over specified period,,Land station,NLE00109228,NOORBEEK,Passed,229
NLE00109228-1-2001-12-25-53-12,Attribution CC BY,2001-12-25 00:00:00+00:00,beginning,1 day,5.817,50.767,DAILY,0.0,snow_depth,cm,0.0,Instantaneous value of observed parameter,,Land station,NLE00109228,NOORBEEK,Passed,229
NLE00109260-1-2001-12-25-53-12,Attribution CC BY,2001-12-25 00:00:00+00:00,beginning,1 day,6.567,52.567,DAILY,0.0,snow_depth,cm,0.0,Instantaneous value of observed parameter,,Land station,NLE00109260,RHEEZERVEEN,Passed,229
NLE00109260-2-2001-12-25-44-13,Attribution CC BY,2001-12-25 00:00:00+00:00,beginning,1 day,6.567,52.567,DAILY,1.0,accumulated_precipitation,mm,1.1,Accumulation over specified period,,Land station,NLE00109260,RHEEZERVEEN,Passed,229
NLE00102020-1-2001-12-25-53-12,Attribution CC BY,2001-12-25 00:00:00+00:00,beginning,1 day,6.283,51.967,DAILY,0.0,snow_depth,cm,0.0,Instantaneous value of observed parameter,,Land station,NLE00102020,DOETINCHEM,Passed,229
NLE00109010-1-2001-12-25-53-12,Attribution CC BY,2001-12-25 00:00:00+00:00,beginning,1 day,5.333,51.583,DAILY,0.0,snow_depth,cm,0.0,Instantaneous value of observed parameter,,Land station,NLE00109010,BOXTEL,Passed,229
NLE00109010-2-2001-12-25-44-13,Attribution CC BY,2001-12-25 00:00:00+00:00,beginning,1 day,5.333,51.583,DAILY,1.0,accumulated_precipitation,mm,1.8,Accumulation over specified period,,Land station,NLE00109010,BOXTEL,Passed,229
NLE00101997-1-2001-12-25-53-12,Attribution CC BY,2001-12-25 00:00:00+00:00,beginning,1 day,5.033,52.217,DAILY,0.0,snow_depth,cm,0.0,Instantaneous value of observed parameter,,Land station,NLE00101997,LOENEN AAN DE VECHT,Passed,229
NLE00101997-2-2001-12-25-44-13,Attribution CC BY,2001-12-25 00:00:00+00:00,beginning,1 day,5.033,52.217,DAILY,1.0,accumulated_precipitation,mm,2.0,Accumulation over specified period,,Land station,NLE00101997,LOENEN AAN DE VECHT,Passed,229
NLE00100507-1-2001-12-25-53-12,Attribution CC BY,2001-12-25 00:00:00+00:00,beginning,1 day,3.867,51.217,DAILY,0.0,snow_depth,cm,0.0,Instantaneous value of observed parameter,,Land station,NLE00100507,WESTDORPE-1,Passed,229
NLE00100507-2-2001-12-25-44-13,Attribution CC BY,2001-12-25 00:00:00+00:00,beginning,1 day,3.867,51.217,DAILY,1.0,accumulated_precipitation,mm,3.1,Accumulation over specified period,,Land station,NLE00100507,WESTDORPE-1,Passed,229
NLE00109102-1-2001-12-25-53-12,Attribution CC BY,2001-12-25 00:00:00+00:00,beginning,1 day,4.983,51.833,DAILY,0.0,snow_depth,cm,0.0,Instantaneous value of observed parameter,,Land station,NLE00109102,GORINCHEM,Passed,229
NLE00109102-2-2001-12-25-44-13,Attribution CC BY,2001-12-25 00:00:00+00:00,beginning,1 day,4.983,51.833,DAILY,1.0,accumulated_precipitation,mm,4.8,Accumulation over specified period,,Land station,NLE00109102,GORINCHEM,Passed,229
NLE00109312-2-2001-12-25-44-13,Attribution CC BY,2001-12-25 00:00:00+00:00,beginning,1 day,3.867,51.3,DAILY,1.0,accumulated_precipitation,mm,1.2,Accumulation over specified period,,Land station,NLE00109312,TERNEUZEN,Passed,229
NLE00109312-1-2001-12-25-53-12,Attribution CC BY,2001-12-25 00:00:00+00:00,beginning,1 day,3.867,51.3,DAILY,0.0,snow_depth,cm,0.0,Instantaneous value of observed parameter,,Land station,NLE00109312,TERNEUZEN,Passed,229
NLE00109230-2-2001-12-25-44-13,Attribution CC BY,2001-12-25 00:00:00+00:00,beginning,1 day,3.967,51.7,DAILY,1.0,accumulated_precipitation,mm,3.5,Accumulation over specified period,,Land station,NLE00109230,NOORDGOUWE,Passed,229
NLE00109230-1-2001-12-25-53-12,Attribution CC BY,2001-12-25 00:00:00+00:00,beginning,1 day,3.967,51.7,DAILY,0.0,snow_depth,cm,0.0,Instantaneous value of observed parameter,,Land station,NLE00109230,NOORDGOUWE,Passed,229
NLE00102020-2-2001-12-25-44-13,Attribution CC BY,2001-12-25 00:00:00+00:00,beginning,1 day,6.283,51.967,DAILY,1.0,accumulated_precipitation,mm,0.5,Accumulation over specified period,,Land station,NLE00102020,DOETINCHEM,Passed,229
NLE00108990-2-2001-12-25-44-13,Attribution CC BY,2001-12-25 00:00:00+00:00,beginning,1 day,5.967,52.167,DAILY,1.0,accumulated_precipitation,mm,1.6,Accumulation over specified period,,Land station,NLE00108990,BEEKBERGEN,Passed,229
NLE00108990-1-2001-12-25-53-12,Attribution CC BY,2001-12-25 00:00:00+00:00,beginning,1 day,5.967,52.167,DAILY,0.0,snow_depth,cm,0.0,Instantaneous value of observed parameter,,Land station,NLE00108990,BEEKBERGEN,Passed,229
NLE00101959-3-2001-12-25-44-13,Attribution CC BY,2001-12-25 00:00:00+00:00,beginning,1 day,5.65,52.583,DAILY,1.0,accumulated_precipitation,mm,2.4,Accumulation over specified period,,Land station,NLE00101959,SWIFTERBANT,Passed,229
NLE00109098-1-2001-12-25-53-12,Attribution CC BY,2001-12-25 00:00:00+00:00,beginning,1 day,4.75,51.55,DAILY,0.0,snow_depth,cm,0.0,Instantaneous value of observed parameter,,Land station,NLE00109098,GINNEKEN,Passed,229
NLE00102077-2-2001-12-25-44-13,Attribution CC BY,2001-12-25 00:00:00+00:00,beginning,1 day,6.017,51.4,DAILY,1.0,accumulated_precipitation,mm,4.6,Accumulation over specified period,,Land station,NLE00102077,SEVENUM,Passed,229
NLE00102077-1-2001-12-25-53-12,Attribution CC BY,2001-12-25 00:00:00+00:00,beginning,1 day,6.017,51.4,DAILY,0.0,snow_depth,cm,0.0,Instantaneous value of observed parameter,,Land station,NLE00102077,SEVENUM,Passed,229
NLE00109008-1-2001-12-25-53-12,Attribution CC BY,2001-12-25 00:00:00+00:00,beginning,1 day,4.683,52.083,DAILY,0.0,snow_depth,cm,0.0,Instantaneous value of observed parameter,,Land station,NLE00109008,BOSKOOP,Passed,229
NLE00109008-2-2001-12-25-44-13,Attribution CC BY,2001-12-25 00:00:00+00:00,beginning,1 day,4.683,52.083,DAILY,1.0,accumulated_precipitation,mm,2.8,Accumulation over specified period,,Land station,NLE00109008,BOSKOOP,Passed,229
NLE00102098-1-2001-12-25-53-12,Attribution CC BY,2001-12-25 00:00:00+00:00,beginning,1 day,5.833,50.85,DAILY,0.0,snow_depth,cm,0.0,Instantaneous value of observed parameter,,Land station,NLE00102098,VALKENBURG (L),Passed,229
NLE00102098-2-2001-12-25-44-13,Attribution CC BY,2001-12-25 00:00:00+00:00,beginning,1 day,5.833,50.85,DAILY,1.0,accumulated_precipitation,mm,10.9,Accumulation over specified period,,Land station,NLE00102098,VALKENBURG (L),Passed,229
NLE00109178-1-2001-12-25-53-12,Attribution CC BY,2001-12-25 00:00:00+00:00,beginning,1 day,6.533,52.917,DAILY,0.0,snow_depth,cm,0.0,Instantaneous value of observed parameter,,Land station,NLE00109178,LAAGHALEN,Passed,229
NLE00100506-1-2001-12-25-53-12,Attribution CC BY,2001-12-25 00:00:00+00:00,beginning,1 day,3.867,51.683,DAILY,0.0,snow_depth,cm,0.0,Instantaneous value of observed parameter,,Land station,NLE00100506,KERKWERVE,Passed,229
NLE00100506-2-2001-12-25-44-13,Attribution CC BY,2001-12-25 00:00:00+00:00,beginning,1 day,3.867,51.683,DAILY,1.0,accumulated_precipitation,mm,2.8,Accumulation over specified period,,Land station,NLE00100506,KERKWERVE,Passed,229
NLE00101981-2-2001-12-25-53-12,Attribution CC BY,2001-12-25 00:00:00+00:00,beginning,1 day,4.417,52.183,DAILY,0.0,snow_depth,cm,0.0,Instantaneous value of observed parameter,,Land station,NLE00101981,VALKENBURG-1,Passed,229
NLE00101981-4-2001-12-25-44-13,Attribution CC BY,2001-12-25 00:00:00+00:00,beginning,1 day,4.417,52.183,DAILY,1.0,accumulated_precipitation,mm,3.6,Accumulation over specified period,,Land station,NLE00101981,VALKENBURG-1,Passed,229
NLE00109130-1-2001-12-25-53-12,Attribution CC BY,2001-12-25 00:00:00+00:00,beginning,1 day,6.767,52.267,DAILY,0.0,snow_depth,cm,0.0,Instantaneous value of observed parameter,,Land station,NLE00109130,HENGELO (O),Passed,229
NLE00109130-2-2001-12-25-44-13,Attribution CC BY,2001-12-25 00:00:00+00:00,beginning,1 day,6.767,52.267,DAILY,1.0,accumulated_precipitation,mm,0.6,Accumulation over specified period,,Land station,NLE00109130,HENGELO (O),Passed,229
NLE00109086-2-2001-12-25-44-13,Attribution CC BY,2001-12-25 00:00:00+00:00,beginning,1 day,5.267,51.867,DAILY,1.0,accumulated_precipitation,mm,0.9,Accumulation over specified period,,Land station,NLE00109086,GELDERMALSEN,Passed,229
NLE00109086-1-2001-12-25-53-12,Attribution CC BY,2001-12-25 00:00:00+00:00,beginning,1 day,5.267,51.867,DAILY,0.0,snow_depth,cm,0.0,Instantaneous value of observed parameter,,Land station,NLE00109086,GELDERMALSEN,Passed,229
NLE00102079-2-2001-12-25-44-13,Attribution CC BY,2001-12-25 00:00:00+00:00,beginning,1 day,5.617,51.483,DAILY,1.0,accumulated_precipitation,mm,1.4,Accumulation over specified period,,Land station,NLE00102079,HELMOND,Passed,229
NLE00102079-1-2001-12-25-53-12,Attribution CC BY,2001-12-25 00:00:00+00:00,beginning,1 day,5.617,51.483,DAILY,0.0,snow_depth,cm,0.0,Instantaneous value of observed parameter,,Land station,NLE00102079,HELMOND,Passed,229
NLE00109258-1-2001-12-25-53-12,Attribution CC BY,2001-12-25 00:00:00+00:00,beginning,1 day,6.083,51.283,DAILY,0.0,snow_depth,cm,0.0,Instantaneous value of observed parameter,,Land station,NLE00109258,REUVER,Passed,229
NLE00109258-2-2001-12-25-44-13,Attribution CC BY,2001-12-25 00:00:00+00:00,beginning,1 day,6.083,51.283,DAILY,1.0,accumulated_precipitation,mm,6.9,Accumulation over specified period,,Land station,NLE00109258,REUVER,Passed,229
NLE00109090-1-2001-12-25-53-12,Attribution CC BY,2001-12-25 00:00:00+00:00,beginning,1 day,6.35,51.867,DAILY,0.0,snow_depth,cm,0.0,Instantaneous value of observed parameter,,Land station,NLE00109090,GENDRINGEN,Passed,229
NLE00109090-2-2001-12-25-44-13,Attribution CC BY,2001-12-25 00:00:00+00:00,beginning,1 day,6.35,51.867,DAILY,1.0,accumulated_precipitation,mm,0.5,Accumulation over specified period,,Land station,NLE00109090,GENDRINGEN,Passed,229
NLE00109288-1-2001-12-25-53-12,Attribution CC BY,2001-12-25 00:00:00+00:00,beginning,1 day,5.633,53.033,DAILY,0.0,snow_depth,cm,0.0,Instantaneous value of observed parameter,,Land station,NLE00109288,SNEEK,Passed,229
NLE00109116-2-2001-12-25-44-13,Attribution CC BY,2001-12-25 00:00:00+00:00,beginning,1 day,5.6,52.967,DAILY,1.0,accumulated_precipitation,mm,2.0,Accumulation over specified period,,Land station,NLE00109116,HEEG,Passed,229
NLE00102022-2-2001-12-25-44-13,Attribution CC BY,2001-12-25 00:00:00+00:00,beginning,1 day,6.9,52.267,DAILY,1.0,accumulated_precipitation,mm,0.6,Accumulation over specified period,,Land station,NLE00102022,TWENTHE-1,Passed,229
NLE00102022-1-2001-12-25-53-12,Attribution CC BY,2001-12-25 00:00:00+00:00,beginning,1 day,6.9,52.267,DAILY,0.0,snow_depth,cm,0.0,Instantaneous value of observed parameter,,Land station,NLE00102022,TWENTHE-1,Passed,229
NLE00109098-2-2001-12-25-44-13,Attribution CC BY,2001-12-25 00:00:00+00:00,beginning,1 day,4.75,51.55,DAILY,1.0,accumulated_precipitation,mm,3.7,Accumulation over specified period,,Land station,NLE00109098,GINNEKEN,Passed,229
NLE00109054-1-2001-12-25-53-12,Attribution CC BY,2001-12-25 00:00:00+00:00,beginning,1 day,5.05,52.517,DAILY,0.0,snow_depth,cm,0.0,Instantaneous value of observed parameter,,Land station,NLE00109054,EDAM,Passed,229
NLE00109116-1-2001-12-25-53-12,Attribution CC BY,2001-12-25 00:00:00+00:00,beginning,1 day,5.6,52.967,DAILY,0.0,snow_depth,cm,0.0,Instantaneous value of observed parameter,,Land station,NLE00109116,HEEG,Passed,229
NLE00109106-1-2001-12-25-53-12,Attribution CC BY,2001-12-25 00:00:00+00:00,beginning,1 day,4.717,52.017,DAILY,0.0,snow_depth,cm,0.0,Instantaneous value of observed parameter,,Land station,NLE00109106,GOUDA,Passed,229
NLE00109006-1-2001-12-25-53-12,Attribution CC BY,2001-12-25 00:00:00+00:00,beginning,1 day,6.533,52.1,DAILY,0.0,snow_depth,cm,0.0,Instantaneous value of observed parameter,,Land station,NLE00109006,BORCULO,Passed,229
NLE00109006-2-2001-12-25-44-13,Attribution CC BY,2001-12-25 00:00:00+00:00,beginning,1 day,6.533,52.1,DAILY,1.0,accumulated_precipitation,mm,0.6,Accumulation over specified period,,Land station,NLE00109006,BORCULO,Passed,229
NLE00109104-2-2001-12-25-44-13,Attribution CC BY,2001-12-25 00:00:00+00:00,beginning,1 day,6.067,53.0,DAILY,1.0,accumulated_precipitation,mm,0.8,Accumulation over specified period,,Land station,NLE00109104,GORREDIJK,Passed,229
NLE00109104-1-2001-12-25-53-12,Attribution CC BY,2001-12-25 00:00:00+00:00,beginning,1 day,6.067,53.0,DAILY,0.0,snow_depth,cm,0.0,Instantaneous value of observed parameter,,Land station,NLE00109104,GORREDIJK,Passed,229
NLE00109232-2-2001-12-25-44-13,Attribution CC BY,2001-12-25 00:00:00+00:00,beginning,1 day,4.883,52.683,DAILY,1.0,accumulated_precipitation,mm,2.7,Accumulation over specified period,,Land station,NLE00109232,OBDAM,Passed,229
NLE00109232-1-2001-12-25-53-12,Attribution CC BY,2001-12-25 00:00:00+00:00,beginning,1 day,4.883,52.683,DAILY,0.0,snow_depth,cm,0.0,Instantaneous value of observed parameter,,Land station,NLE00109232,OBDAM,Passed,229
NLE00101995-1-2001-12-25-53-12,Attribution CC BY,2001-12-25 00:00:00+00:00,beginning,1 day,5.45,52.083,DAILY,0.0,snow_depth,cm,0.0,Instantaneous value of observed parameter,,Land station,NLE00101995,WOUDENBERG,Passed,229
NLE00101995-2-2001-12-25-44-13,Attribution CC BY,2001-12-25 00:00:00+00:00,beginning,1 day,5.45,52.083,DAILY,1.0,accumulated_precipitation,mm,1.5,Accumulation over specified period,,Land station,NLE00101995,WOUDENBERG,Passed,229
NLE00109234-2-2001-12-25-44-13,Attribution CC BY,2001-12-25 00:00:00+00:00,beginning,1 day,5.333,51.5,DAILY,1.0,accumulated_precipitation,mm,4.0,Accumulation over specified period,,Land station,NLE00109234,OIRSCHOT,Passed,229
NLE00109234-1-2001-12-25-53-12,Attribution CC BY,2001-12-25 00:00:00+00:00,beginning,1 day,5.333,51.5,DAILY,0.0,snow_depth,cm,0.0,Instantaneous value of observed parameter,,Land station,NLE00109234,OIRSCHOT,Passed,229
NLE00101917-1-2001-12-25-53-12,Attribution CC BY,2001-12-25 00:00:00+00:00,beginning,1 day,5.3,52.7,DAILY,0.0,snow_depth,cm,0.0,Instantaneous value of observed parameter,,Land station,NLE00101917,ENKHUIZEN,Passed,229
NLE00101917-2-2001-12-25-44-13,Attribution CC BY,2001-12-25 00:00:00+00:00,beginning,1 day,5.3,52.7,DAILY,1.0,accumulated_precipitation,mm,3.4,Accumulation over specified period,,Land station,NLE00101917,ENKHUIZEN,Passed,229
NLE00100505-1-2001-12-25-53-12,Attribution CC BY,2001-12-25 00:00:00+00:00,beginning,1 day,6.7,51.983,DAILY,0.0,snow_depth,cm,0.0,Instantaneous value of observed parameter,,Land station,NLE00100505,WINTERSWIJK,Passed,229
NLE00100505-2-2001-12-25-44-13,Attribution CC BY,2001-12-25 00:00:00+00:00,beginning,1 day,6.7,51.983,DAILY,1.0,accumulated_precipitation,mm,0.5,Accumulation over specified period,,Land station,NLE00100505,WINTERSWIJK,Passed,229
NLE00101960-2-2001-12-25-44-13,Attribution CC BY,2001-12-25 00:00:00+00:00,beginning,1 day,5.217,52.417,DAILY,1.0,accumulated_precipitation,mm,0.9,Accumulation over specified period,,Land station,NLE00101960,OOSTVAARDERSDIEP,Passed,229
NLE00109286-1-2001-12-25-53-12,Attribution CC BY,2001-12-25 00:00:00+00:00,beginning,1 day,5.65,53.117,DAILY,0.0,snow_depth,cm,0.0,Instantaneous value of observed parameter,,Land station,NLE00109286,SKRINS,Passed,229
NLE00109286-2-2001-12-25-44-13,Attribution CC BY,2001-12-25 00:00:00+00:00,beginning,1 day,5.65,53.117,DAILY,1.0,accumulated_precipitation,mm,5.1,Accumulation over specified period,,Land station,NLE00109286,SKRINS,Passed,229
NLE00109106-2-2001-12-25-44-13,Attribution CC BY,2001-12-25 00:00:00+00:00,beginning,1 day,4.717,52.017,DAILY,1.0,accumulated_precipitation,mm,2.9,Accumulation over specified period,,Land station,NLE00109106,GOUDA,Passed,229
NLE00102081-2-2001-12-25-44-13,Attribution CC BY,2001-12-25 00:00:00+00:00,beginning,1 day,6.183,51.35,DAILY,1.0,accumulated_precipitation,mm,3.2,Accumulation over specified period,,Land station,NLE00102081,VENLO,Passed,229
NLE00102081-1-2001-12-25-53-12,Attribution CC BY,2001-12-25 00:00:00+00:00,beginning,1 day,6.183,51.35,DAILY,0.0,snow_depth,cm,0.0,Instantaneous value of observed parameter,,Land station,NLE00102081,VENLO,Passed,229
NLE00108992-2-2001-12-25-44-13,Attribution CC BY,2001-12-25 00:00:00+00:00,beginning,1 day,4.933,52.0,DAILY,1.0,accumulated_precipitation,mm,2.6,Accumulation over specified period,,Land station,NLE00108992,BENSCHOP,Passed,229
NLE00108992-1-2001-12-25-53-12,Attribution CC BY,2001-12-25 00:00:00+00:00,beginning,1 day,4.933,52.0,DAILY,0.0,snow_depth,cm,0.0,Instantaneous value of observed parameter,,Land station,NLE00108992,BENSCHOP,Passed,229
NLE00109004-1-2001-12-25-53-12,Attribution CC BY,2001-12-25 00:00:00+00:00,beginning,1 day,5.95,52.733,DAILY,0.0,snow_depth,cm,0.0,Instantaneous value of observed parameter,,Land station,NLE00109004,BLOKZIJL,Passed,229
NLE00109004-2-2001-12-25-44-13,Attribution CC BY,2001-12-25 00:00:00+00:00,beginning,1 day,5.95,52.733,DAILY,1.0,accumulated_precipitation,mm,0.3,Accumulation over specified period,,Land station,NLE00109004,BLOKZIJL,Passed,229
NLE00101944-2-2001-12-25-44-13,Attribution CC BY,2001-12-25 00:00:00+00:00,beginning,1 day,6.7,52.9,DAILY,1.0,accumulated_precipitation,mm,2.1,Accumulation over specified period,,Land station,NLE00101944,SCHOONLOO,Passed,229
NLE00101944-1-2001-12-25-53-12,Attribution CC BY,2001-12-25 00:00:00+00:00,beginning,1 day,6.7,52.9,DAILY,0.0,snow_depth,cm,0.0,Instantaneous value of observed parameter,,Land station,NLE00101944,SCHOONLOO,Passed,229
NLE00102096-2-2001-12-25-44-13,Attribution CC BY,2001-12-25 00:00:00+00:00,beginning,1 day,5.717,50.783,DAILY,1.0,accumulated_precipitation,mm,9.0,Accumulation over specified period,,Land station,NLE00102096,EIJSDEN,Passed,229
NLE00109294-1-2001-12-25-53-12,Attribution CC BY,2001-12-25 00:00:00+00:00,beginning,1 day,5.883,51.633,DAILY,0.0,snow_depth,cm,0.0,Instantaneous value of observed parameter,,Land station,NLE00109294,ST ANTHONIS,Passed,229
NLE00109294-2-2001-12-25-44-13,Attribution CC BY,2001-12-25 00:00:00+00:00,beginning,1 day,5.883,51.633,DAILY,1.0,accumulated_precipitation,mm,1.4,Accumulation over specified period,,Land station,NLE00109294,ST ANTHONIS,Passed,229
NLE00109128-1-2001-12-25-53-12,Attribution CC BY,2001-12-25 00:00:00+00:00,beginning,1 day,6.3,52.067,DAILY,0.0,snow_depth,cm,0.0,Instantaneous value of observed parameter,,Land station,NLE00109128,HENGELO,Passed,229
NLE00109128-2-2001-12-25-44-13,Attribution CC BY,2001-12-25 00:00:00+00:00,beginning,1 day,6.3,52.067,DAILY,1.0,accumulated_precipitation,mm,0.4,Accumulation over specified period,,Land station,NLE00109128,HENGELO,Passed,229
NLE00101961-2-2001-12-25-44-13,Attribution CC BY,2001-12-25 00:00:00+00:00,beginning,1 day,4.817,51.933,DAILY,1.0,accumulated_precipitation,mm,7.1,Accumulation over specified period,,Land station,NLE00101961,GROOT AMMERS,Passed,229
NLE00101961-1-2001-12-25-53-12,Attribution CC BY,2001-12-25 00:00:00+00:00,beginning,1 day,4.817,51.933,DAILY,0.0,snow_depth,cm,0.0,Instantaneous value of observed parameter,,Land station,NLE00101961,GROOT AMMERS,Passed,229
NLE00109236-2-2001-12-25-44-13,Attribution CC BY,2001-12-25 00:00:00+00:00,beginning,1 day,5.917,52.383,DAILY,1.0,accumulated_precipitation,mm,2.3,Accumulation over specified period,,Land station,NLE00109236,OLDEBROEK,Passed,229
NLE00109236-1-2001-12-25-53-12,Attribution CC BY,2001-12-25 00:00:00+00:00,beginning,1 day,5.917,52.383,DAILY,0.0,snow_depth,cm,0.0,Instantaneous value of observed parameter,,Land station,NLE00109236,OLDEBROEK,Passed,229
NLE00109256-1-2001-12-25-53-12,Attribution CC BY,2001-12-25 00:00:00+00:00,beginning,1 day,6.717,52.083,DAILY,0.0,snow_depth,cm,0.0,Instantaneous value of observed parameter,,Land station,NLE00109256,REKKEN,Passed,229
NLE00109256-2-2001-12-25-44-13,Attribution CC BY,2001-12-25 00:00:00+00:00,beginning,1 day,6.717,52.083,DAILY,1.0,accumulated_precipitation,mm,0.7,Accumulation over specified period,,Land station,NLE00109256,REKKEN,Passed,229
NLE00109154-1-2001-12-25-53-12,Attribution CC BY,2001-12-25 00:00:00+00:00,beginning,1 day,5.817,52.967,DAILY,0.0,snow_depth,cm,0.0,Instantaneous value of observed parameter,,Land station,NLE00109154,JOURE,Passed,229
NLE00102083-2-2001-12-25-44-13,Attribution CC BY,2001-12-25 00:00:00+00:00,beginning,1 day,5.417,51.717,DAILY,1.0,accumulated_precipitation,mm,1.0,Accumulation over specified period,,Land station,NLE00102083,NULAND,Passed,229
NLE00102083-1-2001-12-25-53-12,Attribution CC BY,2001-12-25 00:00:00+00:00,beginning,1 day,5.417,51.717,DAILY,0.0,snow_depth,cm,0.0,Instantaneous value of observed parameter,,Land station,NLE00102083,NULAND,Passed,229
NLE00109154-2-2001-12-25-44-13,Attribution CC BY,2001-12-25 00:00:00+00:00,beginning,1 day,5.817,52.967,DAILY,1.0,accumulated_precipitation,mm,1.9,Accumulation over specified period,,Land station,NLE00109154,JOURE,Passed,229
NLE00109112-2-2001-12-25-44-13,Attribution CC BY,2001-12-25 00:00:00+00:00,beginning,1 day,5.433,53.183,DAILY,1.0,accumulated_precipitation,mm,3.3,Accumulation over specified period,,Land station,NLE00109112,HARLINGEN,Passed,229
NLE00102057-2-2001-12-25-44-13,Attribution CC BY,2001-12-25 00:00:00+00:00,beginning,1 day,3.75,51.283,DAILY,1.0,accumulated_precipitation,mm,5.0,Accumulation over specified period,,Land station,NLE00102057,PHILIPPINE,Passed,229
NLE00102057-1-2001-12-25-53-12,Attribution CC BY,2001-12-25 00:00:00+00:00,beginning,1 day,3.75,51.283,DAILY,0.0,snow_depth,cm,0.0,Instantaneous value of observed parameter,,Land station,NLE00102057,PHILIPPINE,Passed,229
NLE00109160-1-2001-12-25-53-12,Attribution CC BY,2001-12-25 00:00:00+00:00,beginning,1 day,4.033,51.383,DAILY,0.0,snow_depth,cm,0.0,Instantaneous value of observed parameter,,Land station,NLE00109160,KLOOSTERZANDE,Passed,229
NLE00109160-2-2001-12-25-44-13,Attribution CC BY,2001-12-25 00:00:00+00:00,beginning,1 day,4.033,51.383,DAILY,1.0,accumulated_precipitation,mm,2.0,Accumulation over specified period,,Land station,NLE00109160,KLOOSTERZANDE,Passed,229
NLE00109034-1-2001-12-25-53-12,Attribution CC BY,2001-12-25 00:00:00+00:00,beginning,1 day,4.8,53.05,DAILY,0.0,snow_depth,cm,0.0,Instantaneous value of observed parameter,,Land station,NLE00109034,DEN BURG,Passed,229
NLE00109034-2-2001-12-25-44-13,Attribution CC BY,2001-12-25 00:00:00+00:00,beginning,1 day,4.8,53.05,DAILY,1.0,accumulated_precipitation,mm,3.9,Accumulation over specified period,,Land station,NLE00109034,DEN BURG,Passed,229
NLE00109274-2-2001-12-25-44-13,Attribution CC BY,2001-12-25 00:00:00+00:00,beginning,1 day,4.8,52.783,DAILY,1.0,accumulated_precipitation,mm,2.5,Accumulation over specified period,,Land station,NLE00109274,SCHAGEN,Passed,229
NLE00101979-1-2001-12-25-53-12,Attribution CC BY,2001-12-25 00:00:00+00:00,beginning,1 day,3.867,51.817,DAILY,0.0,snow_depth,cm,0.0,Instantaneous value of observed parameter,,Land station,NLE00101979,OUDDORP,Passed,229
NLE00101979-2-2001-12-25-44-13,Attribution CC BY,2001-12-25 00:00:00+00:00,beginning,1 day,3.867,51.817,DAILY,1.0,accumulated_precipitation,mm,5.5,Accumulation over specified period,,Land station,NLE00101979,OUDDORP,Passed,229
NLE00101949-2-2001-12-25-44-13,Attribution CC BY,2001-12-25 00:00:00+00:00,beginning,1 day,5.783,52.717,DAILY,1.0,accumulated_precipitation,mm,0.9,Accumulation over specified period,,Land station,NLE00101949,EMMELOORD,Passed,229
NLE00101949-1-2001-12-25-53-12,Attribution CC BY,2001-12-25 00:00:00+00:00,beginning,1 day,5.783,52.717,DAILY,0.0,snow_depth,cm,0.0,Instantaneous value of observed parameter,,Land station,NLE00101949,EMMELOORD,Passed,229
NLE00109196-2-2001-12-25-44-13,Attribution CC BY,2001-12-25 00:00:00+00:00,beginning,1 day,5.6,52.083,DAILY,1.0,accumulated_precipitation,mm,1.7,Accumulation over specified period,,Land station,NLE00109196,LUNTEREN,Passed,229
NLE00109196-1-2001-12-25-53-12,Attribution CC BY,2001-12-25 00:00:00+00:00,beginning,1 day,5.6,52.083,DAILY,0.0,snow_depth,cm,0.0,Instantaneous value of observed parameter,,Land station,NLE00109196,LUNTEREN,Passed,229
NLE00101969-1-2001-12-25-53-12,Attribution CC BY,2001-12-25 00:00:00+00:00,beginning,1 day,4.55,51.883,DAILY,0.0,snow_depth,cm,0.0,Instantaneous value of observed parameter,,Land station,NLE00101969,IJSSELMONDE,Passed,229
NLE00101969-2-2001-12-25-44-13,Attribution CC BY,2001-12-25 00:00:00+00:00,beginning,1 day,4.55,51.883,DAILY,1.0,accumulated_precipitation,mm,6.2,Accumulation over specified period,,Land station,NLE00101969,IJSSELMONDE,Passed,229
NLE00109198-2-2001-12-25-44-13,Attribution CC BY,2001-12-25 00:00:00+00:00,beginning,1 day,5.583,51.3,DAILY,1.0,accumulated_precipitation,mm,3.1,Accumulation over specified period,,Land station,NLE00109198,MAARHEEZE,Passed,229
NLE00109198-1-2001-12-25-53-12,Attribution CC BY,2001-12-25 00:00:00+00:00,beginning,1 day,5.583,51.3,DAILY,0.0,snow_depth,cm,0.0,Instantaneous value of observed parameter,,Land station,NLE00109198,MAARHEEZE,Passed,229
NLE00108976-2-2001-12-25-44-13,Attribution CC BY,2001-12-25 00:00:00+00:00,beginning,1 day,6.133,53.383,DAILY,1.0,accumulated_precipitation,mm,4.8,Accumulation over specified period,,Land station,NLE00108976,ANJUM,Passed,229
NLE00108976-1-2001-12-25-53-12,Attribution CC BY,2001-12-25 00:00:00+00:00,beginning,1 day,6.133,53.383,DAILY,0.0,snow_depth,cm,0.0,Instantaneous value of observed parameter,,Land station,NLE00108976,ANJUM,Passed,229
NLE00108962-2-2001-12-25-44-13,Attribution CC BY,2001-12-25 00:00:00+00:00,beginning,1 day,6.567,51.917,DAILY,1.0,accumulated_precipitation,mm,0.7,Accumulation over specified period,,Land station,NLE00108962,AALTEN,Passed,229
NLE00108962-1-2001-12-25-53-12,Attribution CC BY,2001-12-25 00:00:00+00:00,beginning,1 day,6.567,51.917,DAILY,0.0,snow_depth,cm,0.0,Instantaneous value of observed parameter,,Land station,NLE00108962,AALTEN,Passed,229
NLE00102059-2-2001-12-25-44-13,Attribution CC BY,2001-12-25 00:00:00+00:00,beginning,1 day,3.55,51.35,DAILY,1.0,accumulated_precipitation,mm,4.5,Accumulation over specified period,,Land station,NLE00102059,SCHOONDIJKE,Passed,229
NLE00102059-1-2001-12-25-53-12,Attribution CC BY,2001-12-25 00:00:00+00:00,beginning,1 day,3.55,51.35,DAILY,0.0,snow_depth,cm,0.0,Instantaneous value of observed parameter,,Land station,NLE00102059,SCHOONDIJKE,Passed,229
NLE00108960-1-2001-12-25-53-12,Attribution CC BY,2001-12-25 00:00:00+00:00,beginning,1 day,4.767,52.267,DAILY,0.0,snow_depth,cm,0.0,Instantaneous value of observed parameter,,Land station,NLE00108960,AALSMEER,Passed,229
NLE00108960-2-2001-12-25-44-13,Attribution CC BY,2001-12-25 00:00:00+00:00,beginning,1 day,4.767,52.267,DAILY,1.0,accumulated_precipitation,mm,3.4,Accumulation over specified period,,Land station,NLE00108960,AALSMEER,Passed,229
NLE00109108-2-2001-12-25-44-13,Attribution CC BY,2001-12-25 00:00:00+00:00,beginning,1 day,5.417,52.133,DAILY,1.0,accumulated_precipitation,mm,2.0,Accumulation over specified period,,Land station,NLE00109108,HAMERSVELD,Passed,229
NLE00109108-1-2001-12-25-53-12,Attribution CC BY,2001-12-25 00:00:00+00:00,beginning,1 day,5.417,52.133,DAILY,0.0,snow_depth,cm,0.0,Instantaneous value of observed parameter,,Land station,NLE00109108,HAMERSVELD,Passed,229
NLE00109174-2-2001-12-25-44-13,Attribution CC BY,2001-12-25 00:00:00+00:00,beginning,1 day,5.1,52.867,DAILY,1.0,accumulated_precipitation,mm,3.2,Accumulation over specified period,,Land station,NLE00109174,KREILEROORD,Passed,229
NLE00109032-1-2001-12-25-53-12,Attribution CC BY,2001-12-25 00:00:00+00:00,beginning,1 day,4.3,51.717,DAILY,0.0,snow_depth,cm,0.0,Instantaneous value of observed parameter,,Land station,NLE00109032,DEN BOMMEL,Passed,229
NLE00109032-2-2001-12-25-44-13,Attribution CC BY,2001-12-25 00:00:00+00:00,beginning,1 day,4.3,51.717,DAILY,1.0,accumulated_precipitation,mm,8.4,Accumulation over specified period,,Land station,NLE00109032,DEN BOMMEL,Passed,229
NLE00109174-1-2001-12-25-53-12,Attribution CC BY,2001-12-25 00:00:00+00:00,beginning,1 day,5.1,52.867,DAILY,0.0,snow_depth,cm,0.0,Instantaneous value of observed parameter,,Land station,NLE00109174,KREILEROORD,Passed,229
NLE00101904-1-2001-12-25-53-12,Attribution CC BY,2001-12-25 00:00:00+00:00,beginning,1 day,6.567,53.4,DAILY,0.0,snow_depth,cm,0.0,Instantaneous value of observed parameter,,Land station,NLE00101904,WARFFUM,Passed,229
NLE00101904-2-2001-12-25-44-13,Attribution CC BY,2001-12-25 00:00:00+00:00,beginning,1 day,6.567,53.4,DAILY,1.0,accumulated_precipitation,mm,4.0,Accumulation over specified period,,Land station,NLE00101904,WARFFUM,Passed,229
NLE00109072-2-2001-12-25-44-13,Attribution CC BY,2001-12-25 00:00:00+00:00,beginning,1 day,6.0,52.35,DAILY,1.0,accumulated_precipitation,mm,1.8,Accumulation over specified period,,Land station,NLE00109072,EPE,Passed,229
NLE00109072-1-2001-12-25-53-12,Attribution CC BY,2001-12-25 00:00:00+00:00,beginning,1 day,6.0,52.35,DAILY,0.0,snow_depth,cm,0.0,Instantaneous value of observed parameter,,Land station,NLE00109072,EPE,Passed,229
NLE00109302-1-2001-12-25-53-12,Attribution CC BY,2001-12-25 00:00:00+00:00,beginning,1 day,4.333,51.583,DAILY,0.0,snow_depth,cm,0.0,Instantaneous value of observed parameter,,Land station,NLE00109302,STEENBERGEN (NB),Passed,229
NLE00109302-2-2001-12-25-44-13,Attribution CC BY,2001-12-25 00:00:00+00:00,beginning,1 day,4.333,51.583,DAILY,1.0,accumulated_precipitation,mm,5.6,Accumulation over specified period,,Land station,NLE00109302,STEENBERGEN (NB),Passed,229
NLE00101989-2-2001-12-25-44-13,Attribution CC BY,2001-12-25 00:00:00+00:00,beginning,1 day,5.867,51.817,DAILY,1.0,accumulated_precipitation,mm,1.4,Accumulation over specified period,,Land station,NLE00101989,NIJMEGEN,Passed,229
NLE00101989-1-2001-12-25-53-12,Attribution CC BY,2001-12-25 00:00:00+00:00,beginning,1 day,5.867,51.817,DAILY,0.0,snow_depth,cm,0.0,Instantaneous value of observed parameter,,Land station,NLE00101989,NIJMEGEN,Passed,229
NLE00109170-1-2001-12-25-53-12,Attribution CC BY,2001-12-25 00:00:00+00:00,beginning,1 day,3.833,51.567,DAILY,0.0,snow_depth,cm,0.0,Instantaneous value of observed parameter,,Land station,NLE00109170,KORTGENE,Passed,229
NLE00109200-2-2001-12-25-44-13,Attribution CC BY,2001-12-25 00:00:00+00:00,beginning,1 day,4.25,51.967,DAILY,1.0,accumulated_precipitation,mm,4.4,Accumulation over specified period,,Land station,NLE00109200,MAASLAND,Passed,229
NLE00109200-1-2001-12-25-53-12,Attribution CC BY,2001-12-25 00:00:00+00:00,beginning,1 day,4.25,51.967,DAILY,0.0,snow_depth,cm,0.0,Instantaneous value of observed parameter,,Land station,NLE00109200,MAASLAND,Passed,229
NLE00109170-2-2001-12-25-44-13,Attribution CC BY,2001-12-25 00:00:00+00:00,beginning,1 day,3.833,51.567,DAILY,1.0,accumulated_precipitation,mm,5.5,Accumulation over specified period,,Land station,NLE00109170,KORTGENE,Passed,229
NLE00102061-2-2001-12-25-44-13,Attribution CC BY,2001-12-25 00:00:00+00:00,beginning,1 day,4.067,51.25,DAILY,1.0,accumulated_precipitation,mm,2.8,Accumulation over specified period,,Land station,NLE00102061,KAPELLEBRUG,Passed,229
NLE00102061-1-2001-12-25-53-12,Attribution CC BY,2001-12-25 00:00:00+00:00,beginning,1 day,4.067,51.25,DAILY,0.0,snow_depth,cm,0.0,Instantaneous value of observed parameter,,Land station,NLE00102061,KAPELLEBRUG,Passed,229
NLE00109030-1-2001-12-25-53-12,Attribution CC BY,2001-12-25 00:00:00+00:00,beginning,1 day,4.367,52.017,DAILY,0.0,snow_depth,cm,0.0,Instantaneous value of observed parameter,,Land station,NLE00109030,DELFT,Passed,229
NLE00109030-2-2001-12-25-44-13,Attribution CC BY,2001-12-25 00:00:00+00:00,beginning,1 day,4.367,52.017,DAILY,1.0,accumulated_precipitation,mm,5.9,Accumulation over specified period,,Land station,NLE00109030,DELFT,Passed,229
NLE00102007-1-2001-12-25-53-12,Attribution CC BY,2001-12-25 00:00:00+00:00,beginning,1 day,5.033,52.3,DAILY,0.0,snow_depth,cm,0.0,Instantaneous value of observed parameter,,Land station,NLE00102007,WEESP,Passed,229
NLE00102007-2-2001-12-25-44-13,Attribution CC BY,2001-12-25 00:00:00+00:00,beginning,1 day,5.033,52.3,DAILY,1.0,accumulated_precipitation,mm,2.2,Accumulation over specified period,,Land station,NLE00102007,WEESP,Passed,229
NLE00109272-1-2001-12-25-53-12,Attribution CC BY,2001-12-25 00:00:00+00:00,beginning,1 day,6.733,53.167,DAILY,0.0,snow_depth,cm,0.0,Instantaneous value of observed parameter,,Land station,NLE00109272,SAPPEMEER,Passed,229
NLE00109272-2-2001-12-25-44-13,Attribution CC BY,2001-12-25 00:00:00+00:00,beginning,1 day,6.733,53.167,DAILY,1.0,accumulated_precipitation,mm,4.1,Accumulation over specified period,,Land station,NLE00109272,SAPPEMEER,Passed,229
NLE00101902-1-2001-12-25-53-12,Attribution CC BY,2001-12-25 00:00:00+00:00,beginning,1 day,6.933,53.317,DAILY,0.0,snow_depth,cm,0.0,Instantaneous value of observed parameter,,Land station,NLE00101902,DELFZIJL,Passed,229
NLE00101902-2-2001-12-25-44-13,Attribution CC BY,2001-12-25 00:00:00+00:00,beginning,1 day,6.933,53.317,DAILY,1.0,accumulated_precipitation,mm,6.1,Accumulation over specified period,,Land station,NLE00101902,DELFZIJL,Passed,229
NLE00109142-1-2001-12-25-53-12,Attribution CC BY,2001-12-25 00:00:00+00:00,beginning,1 day,4.25,52.0,DAILY,0.0,snow_depth,cm,0.0,Instantaneous value of observed parameter,,Land station,NLE00109142,HONSELERSDIJK,Passed,229
NLE00109142-2-2001-12-25-44-13,Attribution CC BY,2001-12-25 00:00:00+00:00,beginning,1 day,4.25,52.0,DAILY,1.0,accumulated_precipitation,mm,4.1,Accumulation over specified period,,Land station,NLE00109142,HONSELERSDIJK,Passed,229
NLE00109202-2-2001-12-25-44-13,Attribution CC BY,2001-12-25 00:00:00+00:00,beginning,1 day,6.283,53.15,DAILY,1.0,accumulated_precipitation,mm,7.0,Accumulation over specified period,,Land station,NLE00109202,MARUM,Passed,229
NLE00109202-1-2001-12-25-53-12,Attribution CC BY,2001-12-25 00:00:00+00:00,beginning,1 day,6.283,53.15,DAILY,0.0,snow_depth,cm,0.0,Instantaneous value of observed parameter,,Land station,NLE00109202,MARUM,Passed,229
NLE00108978-2-2001-12-25-44-13,Attribution CC BY,2001-12-25 00:00:00+00:00,beginning,1 day,4.133,51.633,DAILY,1.0,accumulated_precipitation,mm,7.5,Accumulation over specified period,,Land station,NLE00108978,ANNA JACOBA POLDER,Passed,229
NLE00108978-1-2001-12-25-53-12,Attribution CC BY,2001-12-25 00:00:00+00:00,beginning,1 day,4.133,51.633,DAILY,0.0,snow_depth,cm,0.0,Instantaneous value of observed parameter,,Land station,NLE00108978,ANNA JACOBA POLDER,Passed,229
NLE00101899-2-2001-12-25-44-13,Attribution CC BY,2001-12-25 00:00:00+00:00,beginning,1 day,5.983,53.383,DAILY,1.0,accumulated_precipitation,mm,4.8,Accumulation over specified period,,Land station,NLE00101899,TERNAARD,Passed,229
NLE00101922-1-2001-12-25-53-12,Attribution CC BY,2001-12-25 00:00:00+00:00,beginning,1 day,4.833,52.867,DAILY,0.0,snow_depth,cm,0.0,Instantaneous value of observed parameter,,Land station,NLE00101922,ANNA PAULOWNA,Passed,229
NLE00101922-2-2001-12-25-44-13,Attribution CC BY,2001-12-25 00:00:00+00:00,beginning,1 day,4.833,52.867,DAILY,1.0,accumulated_precipitation,mm,2.9,Accumulation over specified period,,Land station,NLE00101922,ANNA PAULOWNA,Passed,229
NLE00109028-1-2001-12-25-53-12,Attribution CC BY,2001-12-25 00:00:00+00:00,beginning,1 day,4.933,52.883,DAILY,0.0,snow_depth,cm,0.0,Instantaneous value of observed parameter,,Land station,NLE00109028,DE HAUKES,Passed,229
NLE00109028-2-2001-12-25-44-13,Attribution CC BY,2001-12-25 00:00:00+00:00,beginning,1 day,4.933,52.883,DAILY,1.0,accumulated_precipitation,mm,2.8,Accumulation over specified period,,Land station,NLE00109028,DE HAUKES,Passed,229
NLE00109140-1-2001-12-25-53-12,Attribution CC BY,2001-12-25 00:00:00+00:00,beginning,1 day,6.467,52.3,DAILY,0.0,snow_depth,cm,0.0,Instantaneous value of observed parameter,,Land station,NLE00109140,HOLTEN,Passed,229
NLE00109140-2-2001-12-25-44-13,Attribution CC BY,2001-12-25 00:00:00+00:00,beginning,1 day,6.467,52.3,DAILY,1.0,accumulated_precipitation,mm,0.4,Accumulation over specified period,,Land station,NLE00109140,HOLTEN,Passed,229
NLE00108958-1-2001-12-25-53-12,Attribution CC BY,2001-12-25 00:00:00+00:00,beginning,1 day,3.767,51.467,DAILY,0.0,snow_depth,cm,0.0,Instantaneous value of observed parameter,,Land station,NLE00108958,'S HEERENHOEK,Passed,229
NLE00108958-2-2001-12-25-44-13,Attribution CC BY,2001-12-25 00:00:00+00:00,beginning,1 day,3.767,51.467,DAILY,1.0,accumulated_precipitation,mm,1.3,Accumulation over specified period,,Land station,NLE00108958,'S HEERENHOEK,Passed,229
NLE00109204-2-2001-12-25-44-13,Attribution CC BY,2001-12-25 00:00:00+00:00,beginning,1 day,5.567,51.817,DAILY,1.0,accumulated_precipitation,mm,1.4,Accumulation over specified period,,Land station,NLE00109204,MEGEN,Passed,229
NLE00109204-1-2001-12-25-53-12,Attribution CC BY,2001-12-25 00:00:00+00:00,beginning,1 day,5.567,51.817,DAILY,0.0,snow_depth,cm,0.0,Instantaneous value of observed parameter,,Land station,NLE00109204,MEGEN,Passed,229
NLE00109094-1-2001-12-25-53-12,Attribution CC BY,2001-12-25 00:00:00+00:00,beginning,1 day,6.85,53.033,DAILY,0.0,snow_depth,cm,0.0,Instantaneous value of observed parameter,,Land station,NLE00109094,GIETERVEEN,Passed,229
NLE00109094-2-2001-12-25-44-13,Attribution CC BY,2001-12-25 00:00:00+00:00,beginning,1 day,6.85,53.033,DAILY,1.0,accumulated_precipitation,mm,2.8,Accumulation over specified period,,Land station,NLE00109094,GIETERVEEN,Passed,229
NLE00101924-1-2001-12-25-53-12,Attribution CC BY,2001-12-25 00:00:00+00:00,beginning,1 day,4.517,52.35,DAILY,0.0,snow_depth,cm,0.0,Instantaneous value of observed parameter,,Land station,NLE00101924,ZANDVOORT,Passed,229
NLE00102063-2-2001-12-25-44-13,Attribution CC BY,2001-12-25 00:00:00+00:00,beginning,1 day,4.667,51.467,DAILY,1.0,accumulated_precipitation,mm,3.8,Accumulation over specified period,,Land station,NLE00102063,ZUNDERT,Passed,229
NLE00102063-1-2001-12-25-53-12,Attribution CC BY,2001-12-25 00:00:00+00:00,beginning,1 day,4.667,51.467,DAILY,0.0,snow_depth,cm,0.0,Instantaneous value of observed parameter,,Land station,NLE00102063,ZUNDERT,Passed,229
NLE00109270-1-2001-12-25-53-12,Attribution CC BY,2001-12-25 00:00:00+00:00,beginning,1 day,6.233,52.717,DAILY,0.0,snow_depth,cm,0.0,Instantaneous value of observed parameter,,Land station,NLE00109270,RUINERWOLD,Passed,229
NLE00109270-2-2001-12-25-44-13,Attribution CC BY,2001-12-25 00:00:00+00:00,beginning,1 day,6.233,52.717,DAILY,1.0,accumulated_precipitation,mm,0.5,Accumulation over specified period,,Land station,NLE00109270,RUINERWOLD,Passed,229
NLE00109026-1-2001-12-25-53-12,Attribution CC BY,2001-12-25 00:00:00+00:00,beginning,1 day,4.65,52.55,DAILY,0.0,snow_depth,cm,0.0,Instantaneous value of observed parameter,,Land station,NLE00109026,CASTRICUM,Passed,229
NLE00109026-2-2001-12-25-44-13,Attribution CC BY,2001-12-25 00:00:00+00:00,beginning,1 day,4.65,52.55,DAILY,1.0,accumulated_precipitation,mm,2.3,Accumulation over specified period,,Land station,NLE00109026,CASTRICUM,Passed,229
NLE00108972-1-2001-12-25-53-12,Attribution CC BY,2001-12-25 00:00:00+00:00,beginning,1 day,5.217,51.75,DAILY,0.0,snow_depth,cm,0.0,Instantaneous value of observed parameter,,Land station,NLE00108972,AMMERZODEN,Passed,229
NLE00109152-1-2001-12-25-53-12,Attribution CC BY,2001-12-25 00:00:00+00:00,beginning,1 day,5.883,51.483,DAILY,0.0,snow_depth,cm,0.0,Instantaneous value of observed parameter,,Land station,NLE00109152,IJSSELSTEYN (L),Passed,229
NLE00101897-1-2001-12-25-53-12,Attribution CC BY,2001-12-25 00:00:00+00:00,beginning,1 day,5.983,53.183,DAILY,0.0,snow_depth,cm,0.0,Instantaneous value of observed parameter,,Land station,NLE00101897,BERGUMERDAM,Passed,229
NLE00101897-2-2001-12-25-44-13,Attribution CC BY,2001-12-25 00:00:00+00:00,beginning,1 day,5.983,53.183,DAILY,1.0,accumulated_precipitation,mm,6.4,Accumulation over specified period,,Land station,NLE00101897,BERGUMERDAM,Passed,229
NLE00108972-2-2001-12-25-44-13,Attribution CC BY,2001-12-25 00:00:00+00:00,beginning,1 day,5.217,51.75,DAILY,1.0,accumulated_precipitation,mm,3.8,Accumulation over specified period,,Land station,NLE00108972,AMMERZODEN,Passed,229
NLE00109206-2-2001-12-25-44-13,Attribution CC BY,2001-12-25 00:00:00+00:00,beginning,1 day,3.6,51.483,DAILY,1.0,accumulated_precipitation,mm,2.4,Accumulation over specified period,,Land station,NLE00109206,MIDDELBURG,Passed,229
NLE00109206-1-2001-12-25-53-12,Attribution CC BY,2001-12-25 00:00:00+00:00,beginning,1 day,3.6,51.483,DAILY,0.0,snow_depth,cm,0.0,Instantaneous value of observed parameter,,Land station,NLE00109206,MIDDELBURG,Passed,229
NLE00109110-2-2001-12-25-44-13,Attribution CC BY,2001-12-25 00:00:00+00:00,beginning,1 day,5.617,52.367,DAILY,1.0,accumulated_precipitation,mm,1.1,Accumulation over specified period,,Land station,NLE00109110,HARDERWIJK,Passed,229
NLE00109110-1-2001-12-25-53-12,Attribution CC BY,2001-12-25 00:00:00+00:00,beginning,1 day,5.617,52.367,DAILY,0.0,snow_depth,cm,0.0,Instantaneous value of observed parameter,,Land station,NLE00109110,HARDERWIJK,Passed,229
NLE00109152-2-2001-12-25-44-13,Attribution CC BY,2001-12-25 00:00:00+00:00,beginning,1 day,5.883,51.483,DAILY,1.0,accumulated_precipitation,mm,0.6,Accumulation over specified period,,Land station,NLE00109152,IJSSELSTEYN (L),Passed,229
NLE00101895-1-2001-12-25-53-12,Attribution CC BY,2001-12-25 00:00:00+00:00,beginning,1 day,6.0,53.067,DAILY,0.0,snow_depth,cm,0.0,Instantaneous value of observed parameter,,Land station,NLE00101895,NIJBEETS,Passed,229
NLE00101895-2-2001-12-25-44-13,Attribution CC BY,2001-12-25 00:00:00+00:00,beginning,1 day,6.0,53.067,DAILY,1.0,accumulated_precipitation,mm,2.6,Accumulation over specified period,,Land station,NLE00101895,NIJBEETS,Passed,229
NLE00109074-2-2001-12-25-44-13,Attribution CC BY,2001-12-25 00:00:00+00:00,beginning,1 day,5.9,50.767,DAILY,1.0,accumulated_precipitation,mm,12.2,Accumulation over specified period,,Land station,NLE00109074,EPEN (L),Passed,229
NLE00109074-1-2001-12-25-53-12,Attribution CC BY,2001-12-25 00:00:00+00:00,beginning,1 day,5.9,50.767,DAILY,0.0,snow_depth,cm,0.0,Instantaneous value of observed parameter,,Land station,NLE00109074,EPEN (L),Passed,229
NLE00108964-1-2001-12-25-53-12,Attribution CC BY,2001-12-25 00:00:00+00:00,beginning,1 day,4.983,52.267,DAILY,0.0,snow_depth,cm,0.0,Instantaneous value of observed parameter,,Land station,NLE00108964,ABCOUDE,Passed,229
NLE00102065-2-2001-12-25-44-13,Attribution CC BY,2001-12-25 00:00:00+00:00,beginning,1 day,5.15,51.433,DAILY,1.0,accumulated_precipitation,mm,2.5,Accumulation over specified period,,Land station,NLE00102065,ESBEEK,Passed,229
NLE00102065-1-2001-12-25-53-12,Attribution CC BY,2001-12-25 00:00:00+00:00,beginning,1 day,5.15,51.433,DAILY,0.0,snow_depth,cm,0.0,Instantaneous value of observed parameter,,Land station,NLE00102065,ESBEEK,Passed,229
NLE00108964-2-2001-12-25-44-13,Attribution CC BY,2001-12-25 00:00:00+00:00,beginning,1 day,4.983,52.267,DAILY,1.0,accumulated_precipitation,mm,2.3,Accumulation over specified period,,Land station,NLE00108964,ABCOUDE,Passed,229
NLE00109024-1-2001-12-25-53-12,Attribution CC BY,2001-12-25 00:00:00+00:00,beginning,1 day,4.983,51.683,DAILY,0.0,snow_depth,cm,0.0,Instantaneous value of observed parameter,,Land station,NLE00109024,CAPELLE (NB),Passed,229
NLE00109024-2-2001-12-25-44-13,Attribution CC BY,2001-12-25 00:00:00+00:00,beginning,1 day,4.983,51.683,DAILY,1.0,accumulated_precipitation,mm,2.8,Accumulation over specified period,,Land station,NLE00109024,CAPELLE (NB),Passed,229
NLE00109096-2-2001-12-25-44-13,Attribution CC BY,2001-12-25 00:00:00+00:00,beginning,1 day,6.067,52.717,DAILY,1.0,accumulated_precipitation,mm,0.4,Accumulation over specified period,,Land station,NLE00109096,GIETHOORN,Passed,229
NLE00109096-1-2001-12-25-53-12,Attribution CC BY,2001-12-25 00:00:00+00:00,beginning,1 day,6.067,52.717,DAILY,0.0,snow_depth,cm,0.0,Instantaneous value of observed parameter,,Land station,NLE00109096,GIETHOORN,Passed,229
NLE00102038-2-2001-12-25-44-13,Attribution CC BY,2001-12-25 00:00:00+00:00,beginning,1 day,6.633,52.017,DAILY,1.0,accumulated_precipitation,mm,0.7,Accumulation over specified period,,Land station,NLE00102038,LIEVELDE,Passed,229
NLE00102038-1-2001-12-25-53-12,Attribution CC BY,2001-12-25 00:00:00+00:00,beginning,1 day,6.633,52.017,DAILY,0.0,snow_depth,cm,0.0,Instantaneous value of observed parameter,,Land station,NLE00102038,LIEVELDE,Passed,229
NLE00109208-2-2001-12-25-44-13,Attribution CC BY,2001-12-25 00:00:00+00:00,beginning,1 day,6.617,53.317,DAILY,1.0,accumulated_precipitation,mm,3.6,Accumulation over specified period,,Land station,NLE00109208,MIDDELSTUM,Passed,229
NLE00109208-1-2001-12-25-53-12,Attribution CC BY,2001-12-25 00:00:00+00:00,beginning,1 day,6.617,53.317,DAILY,0.0,snow_depth,cm,0.0,Instantaneous value of observed parameter,,Land station,NLE00109208,MIDDELSTUM,Passed,229
NLE00101893-1-2001-12-25-53-12,Attribution CC BY,2001-12-25 00:00:00+00:00,beginning,1 day,6.35,52.967,DAILY,0.0,snow_depth,cm,0.0,Instantaneous value of observed parameter,,Land station,NLE00101893,APPELSCHA,Passed,229
NLE00101893-2-2001-12-25-44-13,Attribution CC BY,2001-12-25 00:00:00+00:00,beginning,1 day,6.35,52.967,DAILY,1.0,accumulated_precipitation,mm,2.0,Accumulation over specified period,,Land station,NLE00101893,APPELSCHA,Passed,229
NLE00109322-1-2001-12-25-53-12,Attribution CC BY,2001-12-25 00:00:00+00:00,beginning,1 day,6.667,53.4,DAILY,0.0,snow_depth,cm,0.0,Instantaneous value of observed parameter,,Land station,NLE00109322,UITHUIZEN,Passed,229
NLE00109322-2-2001-12-25-44-13,Attribution CC BY,2001-12-25 00:00:00+00:00,beginning,1 day,6.667,53.4,DAILY,1.0,accumulated_precipitation,mm,10.4,Accumulation over specified period,,Land station,NLE00109322,UITHUIZEN,Passed,229
NLE00109210-2-2001-12-25-44-13,Attribution CC BY,2001-12-25 00:00:00+00:00,beginning,1 day,5.8,51.683,DAILY,1.0,accumulated_precipitation,mm,1.6,Accumulation over specified period,,Land station,NLE00109210,MILL,Passed,229
NLE00109210-1-2001-12-25-53-12,Attribution CC BY,2001-12-25 00:00:00+00:00,beginning,1 day,5.8,51.683,DAILY,0.0,snow_depth,cm,0.0,Instantaneous value of observed parameter,,Land station,NLE00109210,MILL,Passed,229
NLE00108980-2-2001-12-25-44-13,Attribution CC BY,2001-12-25 00:00:00+00:00,beginning,1 day,5.933,52.0,DAILY,1.0,accumulated_precipitation,mm,1.0,Accumulation over specified period,,Land station,NLE00108980,ARNHEM,Passed,229
NLE00108980-1-2001-12-25-53-12,Attribution CC BY,2001-12-25 00:00:00+00:00,beginning,1 day,5.933,52.0,DAILY,0.0,snow_depth,cm,0.0,Instantaneous value of observed parameter,,Land station,NLE00108980,ARNHEM,Passed,229
NLE00101951-2-2001-12-25-44-13,Attribution CC BY,2001-12-25 00:00:00+00:00,beginning,1 day,7.0,52.767,DAILY,1.0,accumulated_precipitation,mm,0.2,Accumulation over specified period,,Land station,NLE00101951,KLAZIENAVEEN,Passed,229
NLE00101951-1-2001-12-25-53-12,Attribution CC BY,2001-12-25 00:00:00+00:00,beginning,1 day,7.0,52.767,DAILY,0.0,snow_depth,cm,0.0,Instantaneous value of observed parameter,,Land station,NLE00101951,KLAZIENAVEEN,Passed,229
NLE00101924-2-2001-12-25-44-13,Attribution CC BY,2001-12-25 00:00:00+00:00,beginning,1 day,4.517,52.35,DAILY,1.0,accumulated_precipitation,mm,2.5,Accumulation over specified period,,Land station,NLE00101924,ZANDVOORT,Passed,229
NLE00109330-2-2001-12-25-44-13,Attribution CC BY,2001-12-25 00:00:00+00:00,beginning,1 day,5.6,52.033,DAILY,1.0,accumulated_precipitation,mm,1.7,Accumulation over specified period,,Land station,NLE00109330,VEENENDAAL,Passed,229
NLE00109330-1-2001-12-25-53-12,Attribution CC BY,2001-12-25 00:00:00+00:00,beginning,1 day,5.6,52.033,DAILY,0.0,snow_depth,cm,0.0,Instantaneous value of observed parameter,,Land station,NLE00109330,VEENENDAAL,Passed,229
NLE00109066-2-2001-12-25-44-13,Attribution CC BY,2001-12-25 00:00:00+00:00,beginning,1 day,5.783,52.283,DAILY,1.0,accumulated_precipitation,mm,0.6,Accumulation over specified period,,Land station,NLE00109066,ELSPEET,Passed,229
NLE00109066-1-2001-12-25-53-12,Attribution CC BY,2001-12-25 00:00:00+00:00,beginning,1 day,5.783,52.283,DAILY,0.0,snow_depth,cm,0.0,Instantaneous value of observed parameter,,Land station,NLE00109066,ELSPEET,Passed,229
NLE00109176-2-2001-12-25-44-13,Attribution CC BY,2001-12-25 00:00:00+00:00,beginning,1 day,5.85,52.783,DAILY,1.0,accumulated_precipitation,mm,0.8,Accumulation over specified period,,Land station,NLE00109176,KUINRE,Passed,229
NLE00109300-1-2001-12-25-53-12,Attribution CC BY,2001-12-25 00:00:00+00:00,beginning,1 day,4.017,51.583,DAILY,0.0,snow_depth,cm,0.0,Instantaneous value of observed parameter,,Land station,NLE00109300,STAVENISSE,Passed,229
NLE00109300-2-2001-12-25-44-13,Attribution CC BY,2001-12-25 00:00:00+00:00,beginning,1 day,4.017,51.583,DAILY,1.0,accumulated_precipitation,mm,6.5,Accumulation over specified period,,Land station,NLE00109300,STAVENISSE,Passed,229
NLE00102109-1-2001-12-25-53-12,Attribution CC BY,2001-12-25 00:00:00+00:00,beginning,1 day,5.917,51.083,DAILY,0.0,snow_depth,cm,0.0,Instantaneous value of observed parameter,,Land station,NLE00102109,ECHT,Passed,229
NLE00102109-2-2001-12-25-44-13,Attribution CC BY,2001-12-25 00:00:00+00:00,beginning,1 day,5.917,51.083,DAILY,1.0,accumulated_precipitation,mm,8.7,Accumulation over specified period,,Land station,NLE00102109,ECHT,Passed,229
NLE00102005-1-2001-12-25-53-12,Attribution CC BY,2001-12-25 00:00:00+00:00,beginning,1 day,5.433,51.917,DAILY,0.0,snow_depth,cm,0.0,Instantaneous value of observed parameter,,Land station,NLE00102005,TIEL,Passed,229
NLE00102005-2-2001-12-25-44-13,Attribution CC BY,2001-12-25 00:00:00+00:00,beginning,1 day,5.433,51.917,DAILY,1.0,accumulated_precipitation,mm,1.9,Accumulation over specified period,,Land station,NLE00102005,TIEL,Passed,229
NLE00109278-1-2001-12-25-53-12,Attribution CC BY,2001-12-25 00:00:00+00:00,beginning,1 day,5.867,50.933,DAILY,0.0,snow_depth,cm,0.0,Instantaneous value of observed parameter,,Land station,NLE00109278,SCHINNEN,Passed,229
NLE00109278-2-2001-12-25-44-13,Attribution CC BY,2001-12-25 00:00:00+00:00,beginning,1 day,5.867,50.933,DAILY,1.0,accumulated_precipitation,mm,10.2,Accumulation over specified period,,Land station,NLE00109278,SCHINNEN,Passed,229
NLE00109114-2-2001-12-25-44-13,Attribution CC BY,2001-12-25 00:00:00+00:00,beginning,1 day,5.733,52.15,DAILY,1.0,accumulated_precipitation,mm,0.9,Accumulation over specified period,,Land station,NLE00109114,HARSKAMP,Passed,229
NLE00109114-1-2001-12-25-53-12,Attribution CC BY,2001-12-25 00:00:00+00:00,beginning,1 day,5.733,52.15,DAILY,0.0,snow_depth,cm,0.0,Instantaneous value of observed parameter,,Land station,NLE00109114,HARSKAMP,Passed,229
NLE00109212-2-2001-12-25-44-13,Attribution CC BY,2001-12-25 00:00:00+00:00,beginning,1 day,5.717,52.617,DAILY,1.0,accumulated_precipitation,mm,1.1,Accumulation over specified period,,Land station,NLE00109212,NAGELE,Passed,229
NLE00109212-1-2001-12-25-53-12,Attribution CC BY,2001-12-25 00:00:00+00:00,beginning,1 day,5.717,52.617,DAILY,0.0,snow_depth,cm,0.0,Instantaneous value of observed parameter,,Land station,NLE00109212,NAGELE,Passed,229
NLE00109176-1-2001-12-25-53-12,Attribution CC BY,2001-12-25 00:00:00+00:00,beginning,1 day,5.85,52.783,DAILY,0.0,snow_depth,cm,0.0,Instantaneous value of observed parameter,,Land station,NLE00109176,KUINRE,Passed,229
NLE00109268-1-2001-12-25-53-12,Attribution CC BY,2001-12-25 00:00:00+00:00,beginning,1 day,6.183,52.617,DAILY,0.0,snow_depth,cm,0.0,Instantaneous value of observed parameter,,Land station,NLE00109268,ROUVEEN,Passed,229
NLE00109268-2-2001-12-25-44-13,Attribution CC BY,2001-12-25 00:00:00+00:00,beginning,1 day,6.183,52.617,DAILY,1.0,accumulated_precipitation,mm,0.3,Accumulation over specified period,,Land station,NLE00109268,ROUVEEN,Passed,229
NLE00102067-2-2001-12-25-44-13,Attribution CC BY,2001-12-25 00:00:00+00:00,beginning,1 day,4.833,51.633,DAILY,1.0,accumulated_precipitation,mm,3.0,Accumulation over specified period,,Land station,NLE00102067,OOSTERHOUT,Passed,229
NLE00102067-1-2001-12-25-53-12,Attribution CC BY,2001-12-25 00:00:00+00:00,beginning,1 day,4.833,51.633,DAILY,0.0,snow_depth,cm,0.0,Instantaneous value of observed parameter,,Land station,NLE00102067,OOSTERHOUT,Passed,229
NLE00109022-1-2001-12-25-53-12,Attribution CC BY,2001-12-25 00:00:00+00:00,beginning,1 day,4.7,52.85,DAILY,0.0,snow_depth,cm,0.0,Instantaneous value of observed parameter,,Land station,NLE00109022,CALLANTSOOG,Passed,229
NLE00109022-2-2001-12-25-44-13,Attribution CC BY,2001-12-25 00:00:00+00:00,beginning,1 day,4.7,52.85,DAILY,1.0,accumulated_precipitation,mm,2.4,Accumulation over specified period,,Land station,NLE00109022,CALLANTSOOG,Passed,229
NLE00109138-1-2001-12-25-53-12,Attribution CC BY,2001-12-25 00:00:00+00:00,beginning,1 day,5.633,53.433,DAILY,0.0,snow_depth,cm,0.0,Instantaneous value of observed parameter,,Land station,NLE00109138,HOLLUM,Passed,229
NLE00109318-1-2001-12-25-53-12,Attribution CC BY,2001-12-25 00:00:00+00:00,beginning,1 day,6.783,52.4,DAILY,0.0,snow_depth,cm,0.0,Instantaneous value of observed parameter,,Land station,NLE00109318,TUBBERGEN,Passed,229
NLE00101891-1-2001-12-25-53-12,Attribution CC BY,2001-12-25 00:00:00+00:00,beginning,1 day,5.667,53.283,DAILY,0.0,snow_depth,cm,0.0,Instantaneous value of observed parameter,,Land station,NLE00101891,ST. ANNA PAROCHIE,Passed,229
NLE00101891-2-2001-12-25-44-13,Attribution CC BY,2001-12-25 00:00:00+00:00,beginning,1 day,5.667,53.283,DAILY,1.0,accumulated_precipitation,mm,5.2,Accumulation over specified period,,Land station,NLE00101891,ST. ANNA PAROCHIE,Passed,229
NLE00109318-2-2001-12-25-44-13,Attribution CC BY,2001-12-25 00:00:00+00:00,beginning,1 day,6.783,52.4,DAILY,1.0,accumulated_precipitation,mm,0.5,Accumulation over specified period,,Land station,NLE00109318,TUBBERGEN,Passed,229
NLE00109138-2-2001-12-25-44-13,Attribution CC BY,2001-12-25 00:00:00+00:00,beginning,1 day,5.633,53.433,DAILY,1.0,accumulated_precipitation,mm,4.3,Accumulation over specified period,,Land station,NLE00109138,HOLLUM,Passed,229
NLE00101953-2-2001-12-25-44-13,Attribution CC BY,2001-12-25 00:00:00+00:00,beginning,1 day,5.833,52.433,DAILY,1.0,accumulated_precipitation,mm,1.7,Accumulation over specified period,,Land station,NLE00101953,ELBURG,Passed,229
NLE00101953-1-2001-12-25-53-12,Attribution CC BY,2001-12-25 00:00:00+00:00,beginning,1 day,5.833,52.433,DAILY,0.0,snow_depth,cm,0.0,Instantaneous value of observed parameter,,Land station,NLE00101953,ELBURG,Passed,229
NLE00109214-2-2001-12-25-44-13,Attribution CC BY,2001-12-25 00:00:00+00:00,beginning,1 day,5.767,53.45,DAILY,1.0,accumulated_precipitation,mm,3.8,Accumulation over specified period,,Land station,NLE00109214,NES (AMELAND),Passed,229
NLE00109214-1-2001-12-25-53-12,Attribution CC BY,2001-12-25 00:00:00+00:00,beginning,1 day,5.767,53.45,DAILY,0.0,snow_depth,cm,0.0,Instantaneous value of observed parameter,,Land station,NLE00109214,NES (AMELAND),Passed,229
NLE00101889-1-2001-12-25-53-12,Attribution CC BY,2001-12-25 00:00:00+00:00,beginning,1 day,5.417,53.067,DAILY,0.0,snow_depth,cm,0.0,Instantaneous value of observed parameter,,Land station,NLE00101889,MAKKUM,Passed,229
NLE00101889-2-2001-12-25-44-13,Attribution CC BY,2001-12-25 00:00:00+00:00,beginning,1 day,5.417,53.067,DAILY,1.0,accumulated_precipitation,mm,1.5,Accumulation over specified period,,Land station,NLE00101889,MAKKUM,Passed,229
NLE00102069-2-2001-12-25-44-13,Attribution CC BY,2001-12-25 00:00:00+00:00,beginning,1 day,4.883,51.517,DAILY,1.0,accumulated_precipitation,mm,3.3,Accumulation over specified period,,Land station,NLE00102069,CHAAM,Passed,229
NLE00102069-1-2001-12-25-53-12,Attribution CC BY,2001-12-25 00:00:00+00:00,beginning,1 day,4.883,51.517,DAILY,0.0,snow_depth,cm,0.0,Instantaneous value of observed parameter,,Land station,NLE00102069,CHAAM,Passed,229
NLE00108966-2-2001-12-25-44-13,Attribution CC BY,2001-12-25 00:00:00+00:00,beginning,1 day,5.817,53.05,DAILY,1.0,accumulated_precipitation,mm,2.2,Accumulation over specified period,,Land station,NLE00108966,AKKRUM,Passed,229
NLE00109020-1-2001-12-25-53-12,Attribution CC BY,2001-12-25 00:00:00+00:00,beginning,1 day,3.4,51.367,DAILY,0.0,snow_depth,cm,0.0,Instantaneous value of observed parameter,,Land station,NLE00109020,CADZAND,Passed,229
NLE00109020-2-2001-12-25-44-13,Attribution CC BY,2001-12-25 00:00:00+00:00,beginning,1 day,3.4,51.367,DAILY,1.0,accumulated_precipitation,mm,0.6,Accumulation over specified period,,Land station,NLE00109020,CADZAND,Passed,229
NLE00109316-1-2001-12-25-53-12,Attribution CC BY,2001-12-25 00:00:00+00:00,beginning,1 day,5.133,51.567,DAILY,0.0,snow_depth,cm,0.0,Instantaneous value of observed parameter,,Land station,NLE00109316,TILBURG,Passed,229
NLE00101973-2-2001-12-25-44-13,Attribution CC BY,2001-12-25 00:00:00+00:00,beginning,1 day,4.083,51.75,DAILY,1.0,accumulated_precipitation,mm,6.6,Accumulation over specified period,,Land station,NLE00101973,DIRKSLAND,Passed,229
NLE00109136-1-2001-12-25-53-12,Attribution CC BY,2001-12-25 00:00:00+00:00,beginning,1 day,5.833,51.767,DAILY,0.0,snow_depth,cm,0.0,Instantaneous value of observed parameter,,Land station,NLE00109136,HEUMEN,Passed,229
NLE00109136-2-2001-12-25-44-13,Attribution CC BY,2001-12-25 00:00:00+00:00,beginning,1 day,5.833,51.767,DAILY,1.0,accumulated_precipitation,mm,0.9,Accumulation over specified period,,Land station,NLE00109136,HEUMEN,Passed,229
NLE00109316-2-2001-12-25-44-13,Attribution CC BY,2001-12-25 00:00:00+00:00,beginning,1 day,5.133,51.567,DAILY,1.0,accumulated_precipitation,mm,3.2,Accumulation over specified period,,Land station,NLE00109316,TILBURG,Passed,229
NLE00109216-2-2001-12-25-44-13,Attribution CC BY,2001-12-25 00:00:00+00:00,beginning,1 day,6.35,53.217,DAILY,1.0,accumulated_precipitation,mm,5.8,Accumulation over specified period,,Land station,NLE00109216,NIEKERK,Passed,229
NLE00109216-1-2001-12-25-53-12,Attribution CC BY,2001-12-25 00:00:00+00:00,beginning,1 day,6.35,53.217,DAILY,0.0,snow_depth,cm,0.0,Instantaneous value of observed parameter,,Land station,NLE00109216,NIEKERK,Passed,229
NLE00101973-1-2001-12-25-53-12,Attribution CC BY,2001-12-25 00:00:00+00:00,beginning,1 day,4.083,51.75,DAILY,0.0,snow_depth,cm,0.0,Instantaneous value of observed parameter,,Land station,NLE00101973,DIRKSLAND,Passed,229
NLE00108982-2-2001-12-25-44-13,Attribution CC BY,2001-12-25 00:00:00+00:00,beginning,1 day,6.6,53.0,DAILY,1.0,accumulated_precipitation,mm,2.8,Accumulation over specified period,,Land station,NLE00108982,ASSEN,Passed,229
NLE00108982-1-2001-12-25-53-12,Attribution CC BY,2001-12-25 00:00:00+00:00,beginning,1 day,6.6,53.0,DAILY,0.0,snow_depth,cm,0.0,Instantaneous value of observed parameter,,Land station,NLE00108982,ASSEN,Passed,229
NLE00109018-1-2001-12-25-53-12,Attribution CC BY,2001-12-25 00:00:00+00:00,beginning,1 day,5.8,51.05,DAILY,0.0,snow_depth,cm,0.0,Instantaneous value of observed parameter,,Land station,NLE00109018,BUCHTEN,Passed,229
NLE00109018-2-2001-12-25-44-13,Attribution CC BY,2001-12-25 00:00:00+00:00,beginning,1 day,5.8,51.05,DAILY,1.0,accumulated_precipitation,mm,12.6,Accumulation over specified period,,Land station,NLE00109018,BUCHTEN,Passed,229
NLE00109076-2-2001-12-25-44-13,Attribution CC BY,2001-12-25 00:00:00+00:00,beginning,1 day,6.45,53.283,DAILY,1.0,accumulated_precipitation,mm,3.3,Accumulation over specified period,,Land station,NLE00109076,EZINGE,Passed,229
NLE00109076-1-2001-12-25-53-12,Attribution CC BY,2001-12-25 00:00:00+00:00,beginning,1 day,6.45,53.283,DAILY,0.0,snow_depth,cm,0.0,Instantaneous value of observed parameter,,Land station,NLE00109076,EZINGE,Passed,229
NLE00101883-1-2001-12-25-53-12,Attribution CC BY,2001-12-25 00:00:00+00:00,beginning,1 day,4.767,53.1,DAILY,0.0,snow_depth,cm,0.0,Instantaneous value of observed parameter,,Land station,NLE00101883,DE KOOG,Passed,229
NLE00101883-2-2001-12-25-44-13,Attribution CC BY,2001-12-25 00:00:00+00:00,beginning,1 day,4.767,53.1,DAILY,1.0,accumulated_precipitation,mm,3.8,Accumulation over specified period,,Land station,NLE00101883,DE KOOG,Passed,229
NLE00102100-1-2001-12-25-53-12,Attribution CC BY,2001-12-25 00:00:00+00:00,beginning,1 day,6.017,50.9,DAILY,0.0,snow_depth,cm,0.0,Instantaneous value of observed parameter,,Land station,NLE00102100,SCHAESBERG,Passed,229
NLE00109218-2-2001-12-25-44-13,Attribution CC BY,2001-12-25 00:00:00+00:00,beginning,1 day,6.95,52.967,DAILY,1.0,accumulated_precipitation,mm,2.7,Accumulation over specified period,,Land station,NLE00109218,NIEUW BUINEN,Passed,229
NLE00109218-1-2001-12-25-53-12,Attribution CC BY,2001-12-25 00:00:00+00:00,beginning,1 day,6.95,52.967,DAILY,0.0,snow_depth,cm,0.0,Instantaneous value of observed parameter,,Land station,NLE00109218,NIEUW BUINEN,Passed,229
NLE00102100-2-2001-12-25-44-13,Attribution CC BY,2001-12-25 00:00:00+00:00,beginning,1 day,6.017,50.9,DAILY,1.0,accumulated_precipitation,mm,10.7,Accumulation over specified period,,Land station,NLE00102100,SCHAESBERG,Passed,229
NLE00109290-2-2001-12-25-44-13,Attribution CC BY,2001-12-25 00:00:00+00:00,beginning,1 day,5.317,52.167,DAILY,1.0,accumulated_precipitation,mm,2.2,Accumulation over specified period,,Land station,NLE00109290,SOEST,Passed,229
NLE00109290-1-2001-12-25-53-12,Attribution CC BY,2001-12-25 00:00:00+00:00,beginning,1 day,5.317,52.167,DAILY,0.0,snow_depth,cm,0.0,Instantaneous value of observed parameter,,Land station,NLE00109290,SOEST,Passed,229
NLE00109326-2-2001-12-25-44-13,Attribution CC BY,2001-12-25 00:00:00+00:00,beginning,1 day,5.967,52.283,DAILY,1.0,accumulated_precipitation,mm,2.8,Accumulation over specified period,,Land station,NLE00109326,VAASSEN,Passed,229
NLE00109220-2-2001-12-25-44-13,Attribution CC BY,2001-12-25 00:00:00+00:00,beginning,1 day,4.117,51.833,DAILY,1.0,accumulated_precipitation,mm,5.0,Accumulation over specified period,,Land station,NLE00109220,NIEUW HELVOET,Passed,229
NLE00109220-1-2001-12-25-53-12,Attribution CC BY,2001-12-25 00:00:00+00:00,beginning,1 day,4.117,51.833,DAILY,0.0,snow_depth,cm,0.0,Instantaneous value of observed parameter,,Land station,NLE00109220,NIEUW HELVOET,Passed,229
NLE00109326-1-2001-12-25-53-12,Attribution CC BY,2001-12-25 00:00:00+00:00,beginning,1 day,5.967,52.283,DAILY,0.0,snow_depth,cm,0.0,Instantaneous value of observed parameter,,Land station,NLE00109326,VAASSEN,Passed,229
NLE00101999-1-2001-12-25-53-12,Attribution CC BY,2001-12-25 00:00:00+00:00,beginning,1 day,5.233,51.95,DAILY,0.0,snow_depth,cm,0.0,Instantaneous value of observed parameter,,Land station,NLE00101999,CULEMBORG,Passed,229
NLE00101999-2-2001-12-25-44-13,Attribution CC BY,2001-12-25 00:00:00+00:00,beginning,1 day,5.233,51.95,DAILY,1.0,accumulated_precipitation,mm,2.5,Accumulation over specified period,,Land station,NLE00101999,CULEMBORG,Passed,229
NLE00101955-2-2001-12-25-44-13,Attribution CC BY,2001-12-25 00:00:00+00:00,beginning,1 day,6.45,52.6,DAILY,1.0,accumulated_precipitation,mm,0.5,Accumulation over specified period,,Land station,NLE00101955,DEDEMSVAART,Passed,229
NLE00102071-2-2001-12-25-44-13,Attribution CC BY,2001-12-25 00:00:00+00:00,beginning,1 day,5.05,51.783,DAILY,1.0,accumulated_precipitation,mm,3.8,Accumulation over specified period,,Land station,NLE00102071,ANDEL,Passed,229
NLE00102071-1-2001-12-25-53-12,Attribution CC BY,2001-12-25 00:00:00+00:00,beginning,1 day,5.05,51.783,DAILY,0.0,snow_depth,cm,0.0,Instantaneous value of observed parameter,,Land station,NLE00102071,ANDEL,Passed,229
NLE00109266-1-2001-12-25-53-12,Attribution CC BY,2001-12-25 00:00:00+00:00,beginning,1 day,6.783,53.433,DAILY,0.0,snow_depth,cm,0.0,Instantaneous value of observed parameter,,Land station,NLE00109266,ROODESCHOOL,Passed,229
NLE00109266-2-2001-12-25-44-13,Attribution CC BY,2001-12-25 00:00:00+00:00,beginning,1 day,6.783,53.433,DAILY,1.0,accumulated_precipitation,mm,6.7,Accumulation over specified period,,Land station,NLE00109266,ROODESCHOOL,Passed,229
NLE00109016-1-2001-12-25-53-12,Attribution CC BY,2001-12-25 00:00:00+00:00,beginning,1 day,3.883,51.733,DAILY,0.0,snow_depth,cm,0.0,Instantaneous value of observed parameter,,Land station,NLE00109016,BROUWERSHAVEN,Passed,229
NLE00109016-2-2001-12-25-44-13,Attribution CC BY,2001-12-25 00:00:00+00:00,beginning,1 day,3.883,51.733,DAILY,1.0,accumulated_precipitation,mm,5.1,Accumulation over specified period,,Land station,NLE00109016,BROUWERSHAVEN,Passed,229
NLE00101955-1-2001-12-25-53-12,Attribution CC BY,2001-12-25 00:00:00+00:00,beginning,1 day,6.45,52.6,DAILY,0.0,snow_depth,cm,0.0,Instantaneous value of observed parameter,,Land station,NLE00101955,DEDEMSVAART,Passed,229
NLE00101991-2-2001-12-25-44-13,Attribution CC BY,2001-12-25 00:00:00+00:00,beginning,1 day,5.617,52.25,DAILY,1.0,accumulated_precipitation,mm,0.9,Accumulation over specified period,,Land station,NLE00101991,PUTTEN (GLD),Passed,229
NLE00101991-1-2001-12-25-53-12,Attribution CC BY,2001-12-25 00:00:00+00:00,beginning,1 day,5.617,52.25,DAILY,0.0,snow_depth,cm,0.0,Instantaneous value of observed parameter,,Land station,NLE00101991,PUTTEN (GLD),Passed,229
NLE00101942-2-2001-12-25-44-13,Attribution CC BY,2001-12-25 00:00:00+00:00,beginning,1 day,5.95,52.567,DAILY,1.0,accumulated_precipitation,mm,0.8,Accumulation over specified period,,Land station,NLE00101942,IJSSELMUIDEN,Passed,229
NLE00109156-2-2001-12-25-44-13,Attribution CC BY,2001-12-25 00:00:00+00:00,beginning,1 day,3.95,51.483,DAILY,1.0,accumulated_precipitation,mm,7.8,Accumulation over specified period,,Land station,NLE00109156,KAPELLE,Passed,229
NLE00101881-1-2001-12-25-53-12,Attribution CC BY,2001-12-25 00:00:00+00:00,beginning,1 day,4.867,53.167,DAILY,0.0,snow_depth,cm,0.0,Instantaneous value of observed parameter,,Land station,NLE00101881,DE COCKSDORPS,Passed,229
NLE00101881-2-2001-12-25-44-13,Attribution CC BY,2001-12-25 00:00:00+00:00,beginning,1 day,4.867,53.167,DAILY,1.0,accumulated_precipitation,mm,3.8,Accumulation over specified period,,Land station,NLE00101881,DE COCKSDORPS,Passed,229
NLE00109156-1-2001-12-25-53-12,Attribution CC BY,2001-12-25 00:00:00+00:00,beginning,1 day,3.95,51.483,DAILY,0.0,snow_depth,cm,0.0,Instantaneous value of observed parameter,,Land station,NLE00109156,KAPELLE,Passed,229
NLE00101977-2-2001-12-25-44-13,Attribution CC BY,2001-12-25 00:00:00+00:00,beginning,1 day,4.4,51.85,DAILY,1.0,accumulated_precipitation,mm,4.8,Accumulation over specified period,,Land station,NLE00101977,POORTUGAAL,Passed,229
NLE00109222-2-2001-12-25-44-13,Attribution CC BY,2001-12-25 00:00:00+00:00,beginning,1 day,4.933,51.767,DAILY,1.0,accumulated_precipitation,mm,4.0,Accumulation over specified period,,Land station,NLE00109222,NIEUWENDIJK (NB),Passed,229
NLE00109222-1-2001-12-25-53-12,Attribution CC BY,2001-12-25 00:00:00+00:00,beginning,1 day,4.933,51.767,DAILY,0.0,snow_depth,cm,0.0,Instantaneous value of observed parameter,,Land station,NLE00109222,NIEUWENDIJK (NB),Passed,229
NLE00109336-1-2001-12-25-53-12,Attribution CC BY,2001-12-25 00:00:00+00:00,beginning,1 day,6.35,52.533,DAILY,0.0,snow_depth,cm,0.0,Instantaneous value of observed parameter,,Land station,NLE00109336,VILSTEREN,Passed,229
NLE00109336-2-2001-12-25-44-13,Attribution CC BY,2001-12-25 00:00:00+00:00,beginning,1 day,6.35,52.533,DAILY,1.0,accumulated_precipitation,mm,0.3,Accumulation over specified period,,Land station,NLE00109336,VILSTEREN,Passed,229
NLE00109276-1-2001-12-25-53-12,Attribution CC BY,2001-12-25 00:00:00+00:00,beginning,1 day,6.183,53.483,DAILY,0.0,snow_depth,cm,0.0,Instantaneous value of observed parameter,,Land station,NLE00109276,SCHIERMONNIKOOG,Passed,229
NLE00109134-1-2001-12-25-53-12,Attribution CC BY,2001-12-25 00:00:00+00:00,beginning,1 day,6.1,51.883,DAILY,0.0,snow_depth,cm,0.0,Instantaneous value of observed parameter,,Land station,NLE00109134,HERWEN,Passed,229
NLE00109134-2-2001-12-25-44-13,Attribution CC BY,2001-12-25 00:00:00+00:00,beginning,1 day,6.1,51.883,DAILY,1.0,accumulated_precipitation,mm,0.8,Accumulation over specified period,,Land station,NLE00109134,HERWEN,Passed,229
NLE00101977-1-2001-12-25-53-12,Attribution CC BY,2001-12-25 00:00:00+00:00,beginning,1 day,4.4,51.85,DAILY,0.0,snow_depth,cm,0.0,Instantaneous value of observed parameter,,Land station,NLE00101977,POORTUGAAL,Passed,229
NLE00102073-2-2001-12-25-44-13,Attribution CC BY,2001-12-25 00:00:00+00:00,beginning,1 day,4.317,51.433,DAILY,1.0,accumulated_precipitation,mm,4.7,Accumulation over specified period,,Land station,NLE00102073,HOOGERHEIDE,Passed,229
NLE00102073-1-2001-12-25-53-12,Attribution CC BY,2001-12-25 00:00:00+00:00,beginning,1 day,4.317,51.433,DAILY,0.0,snow_depth,cm,0.0,Instantaneous value of observed parameter,,Land station,NLE00102073,HOOGERHEIDE,Passed,229
NLE00109276-2-2001-12-25-44-13,Attribution CC BY,2001-12-25 00:00:00+00:00,beginning,1 day,6.183,53.483,DAILY,1.0,accumulated_precipitation,mm,3.5,Accumulation over specified period,,Land station,NLE00109276,SCHIERMONNIKOOG,Passed,229
NLE00109264-1-2001-12-25-53-12,Attribution CC BY,2001-12-25 00:00:00+00:00,beginning,1 day,3.617,51.467,DAILY,0.0,snow_depth,cm,0.0,Instantaneous value of observed parameter,,Land station,NLE00109264,RITTHEM,Passed,229
NLE00109264-2-2001-12-25-44-13,Attribution CC BY,2001-12-25 00:00:00+00:00,beginning,1 day,3.617,51.467,DAILY,1.0,accumulated_precipitation,mm,2.2,Accumulation over specified period,,Land station,NLE00109264,RITTHEM,Passed,229
NLE00101942-1-2001-12-25-53-12,Attribution CC BY,2001-12-25 00:00:00+00:00,beginning,1 day,5.95,52.567,DAILY,0.0,snow_depth,cm,0.0,Instantaneous value of observed parameter,,Land station,NLE00101942,IJSSELMUIDEN,Passed,229
NLE00109014-1-2001-12-25-53-12,Attribution CC BY,2001-12-25 00:00:00+00:00,beginning,1 day,4.15,51.9,DAILY,0.0,snow_depth,cm,0.0,Instantaneous value of observed parameter,,Land station,NLE00109014,BRIELLE,Passed,229
NLE00109014-2-2001-12-25-44-13,Attribution CC BY,2001-12-25 00:00:00+00:00,beginning,1 day,4.15,51.9,DAILY,1.0,accumulated_precipitation,mm,4.9,Accumulation over specified period,,Land station,NLE00109014,BRIELLE,Passed,229
NLE00109078-2-2001-12-25-44-13,Attribution CC BY,2001-12-25 00:00:00+00:00,beginning,1 day,6.15,53.367,DAILY,1.0,accumulated_precipitation,mm,4.2,Accumulation over specified period,,Land station,NLE00109078,EZUMAZIJL,Passed,229
NLE00109078-1-2001-12-25-53-12,Attribution CC BY,2001-12-25 00:00:00+00:00,beginning,1 day,6.15,53.367,DAILY,0.0,snow_depth,cm,0.0,Instantaneous value of observed parameter,,Land station,NLE00109078,EZUMAZIJL,Passed,229
NLE00101879-1-2001-12-25-53-12,Attribution CC BY,2001-12-25 00:00:00+00:00,beginning,1 day,4.65,52.767,DAILY,0.0,snow_depth,cm,0.0,Instantaneous value of observed parameter,,Land station,NLE00101879,PETTEN,Passed,229
NLE00101879-2-2001-12-25-44-13,Attribution CC BY,2001-12-25 00:00:00+00:00,beginning,1 day,4.65,52.767,DAILY,1.0,accumulated_precipitation,mm,1.8,Accumulation over specified period,,Land station,NLE00101879,PETTEN,Passed,229
NLE00109296-1-2001-12-25-53-12,Attribution CC BY,2001-12-25 00:00:00+00:00,beginning,1 day,3.5,51.267,DAILY,0.0,snow_depth,cm,0.0,Instantaneous value of observed parameter,,Land station,NLE00109296,ST KRUIS,Passed,229
NLE00109296-2-2001-12-25-44-13,Attribution CC BY,2001-12-25 00:00:00+00:00,beginning,1 day,3.5,51.267,DAILY,1.0,accumulated_precipitation,mm,0.9,Accumulation over specified period,,Land station,NLE00109296,ST KRUIS,Passed,229
NLE00109092-1-2001-12-25-53-12,Attribution CC BY,2001-12-25 00:00:00+00:00,beginning,1 day,5.15,51.65,DAILY,0.0,snow_depth,cm,0.0,Instantaneous value of observed parameter,,Land station,NLE00109092,GIERSBERGEN,Passed,229
NLE00101957-2-2001-12-25-44-13,Attribution CC BY,2001-12-25 00:00:00+00:00,beginning,1 day,5.717,52.833,DAILY,1.0,accumulated_precipitation,mm,1.1,Accumulation over specified period,,Land station,NLE00101957,LEMMER (GEMAAL BUMA),Passed,229
NLE00101957-1-2001-12-25-53-12,Attribution CC BY,2001-12-25 00:00:00+00:00,beginning,1 day,5.717,52.833,DAILY,0.0,snow_depth,cm,0.0,Instantaneous value of observed parameter,,Land station,NLE00101957,LEMMER (GEMAAL BUMA),Passed,229
NLE00109050-1-2001-12-25-53-12,Attribution CC BY,2001-12-25 00:00:00+00:00,beginning,1 day,6.017,51.967,DAILY,0.0,snow_depth,cm,0.0,Instantaneous value of observed parameter,,Land station,NLE00109050,DUIVEN,Passed,229
NLE00109092-2-2001-12-25-44-13,Attribution CC BY,2001-12-25 00:00:00+00:00,beginning,1 day,5.15,51.65,DAILY,1.0,accumulated_precipitation,mm,2.8,Accumulation over specified period,,Land station,NLE00109092,GIERSBERGEN,Passed,229
NLE00109224-2-2001-12-25-44-13,Attribution CC BY,2001-12-25 00:00:00+00:00,beginning,1 day,6.983,53.25,DAILY,1.0,accumulated_precipitation,mm,6.7,Accumulation over specified period,,Land station,NLE00109224,NIEUWOLDA,Passed,229
NLE00109224-1-2001-12-25-53-12,Attribution CC BY,2001-12-25 00:00:00+00:00,beginning,1 day,6.983,53.25,DAILY,0.0,snow_depth,cm,0.0,Instantaneous value of observed parameter,,Land station,NLE00109224,NIEUWOLDA,Passed,229
NLE00109050-2-2001-12-25-44-13,Attribution CC BY,2001-12-25 00:00:00+00:00,beginning,1 day,6.017,51.967,DAILY,1.0,accumulated_precipitation,mm,0.8,Accumulation over specified period,,Land station,NLE00109050,DUIVEN,Passed,229
NLE00109056-2-2001-12-25-44-13,Attribution CC BY,2001-12-25 00:00:00+00:00,beginning,1 day,5.283,52.283,DAILY,1.0,accumulated_precipitation,mm,1.5,Accumulation over specified period,,Land station,NLE00109056,EEMNES,Passed,229
NLE00102075-2-2001-12-25-44-13,Attribution CC BY,2001-12-25 00:00:00+00:00,beginning,1 day,4.533,51.667,DAILY,1.0,accumulated_precipitation,mm,3.4,Accumulation over specified period,,Land station,NLE00102075,KLUNDERT,Passed,229
NLE00102075-1-2001-12-25-53-12,Attribution CC BY,2001-12-25 00:00:00+00:00,beginning,1 day,4.533,51.667,DAILY,0.0,snow_depth,cm,0.0,Instantaneous value of observed parameter,,Land station,NLE00102075,KLUNDERT,Passed,229
NLE00109056-1-2001-12-25-53-12,Attribution CC BY,2001-12-25 00:00:00+00:00,beginning,1 day,5.283,52.283,DAILY,0.0,snow_depth,cm,0.0,Instantaneous value of observed parameter,,Land station,NLE00109056,EEMNES,Passed,229
NLE00108986-2-2001-12-25-44-13,Attribution CC BY,2001-12-25 00:00:00+00:00,beginning,1 day,4.533,51.867,DAILY,1.0,accumulated_precipitation,mm,4.4,Accumulation over specified period,,Land station,NLE00108986,BARENDRECHT,Passed,229
NLE00108986-1-2001-12-25-53-12,Attribution CC BY,2001-12-25 00:00:00+00:00,beginning,1 day,4.533,51.867,DAILY,0.0,snow_depth,cm,0.0,Instantaneous value of observed parameter,,Land station,NLE00108986,BARENDRECHT,Passed,229
NLE00109380-1-2001-12-25-53-12,Attribution CC BY,2001-12-25 00:00:00+00:00,beginning,1 day,4.533,52.067,DAILY,0.0,snow_depth,cm,0.0,Instantaneous value of observed parameter,,Land station,NLE00109380,ZOETERMEER,Passed,229
NLE00155417-2-2001-12-25-44-13,Attribution CC BY,2001-12-25 00:00:00+00:00,beginning,1 day,5.358,52.886,DAILY,1.0,accumulated_precipitation,mm,1.3,Accumulation over specified period,,Land station,NLE00155417,STAVOREN_1,Passed,229
NLE00109364-2-2001-12-25-44-13,Attribution CC BY,2001-12-25 00:00:00+00:00,beginning,1 day,6.717,53.267,DAILY,1.0,accumulated_precipitation,mm,1.7,Accumulation over specified period,,Land station,NLE00109364,WOLTERSUM,Passed,229
NLE00109364-1-2001-12-25-53-12,Attribution CC BY,2001-12-25 00:00:00+00:00,beginning,1 day,6.717,53.267,DAILY,0.0,snow_depth,cm,0.0,Instantaneous value of observed parameter,,Land station,NLE00109364,WOLTERSUM,Passed,229
NLE00109360-1-2001-12-25-53-12,Attribution CC BY,2001-12-25 00:00:00+00:00,beginning,1 day,7.05,53.133,DAILY,0.0,snow_depth,cm,0.0,Instantaneous value of observed parameter,,Land station,NLE00109360,WINSCHOTEN,Passed,229
NLE00109360-2-2001-12-25-44-13,Attribution CC BY,2001-12-25 00:00:00+00:00,beginning,1 day,7.05,53.133,DAILY,1.0,accumulated_precipitation,mm,3.4,Accumulation over specified period,,Land station,NLE00109360,WINSCHOTEN,Passed,229
NLE00109366-2-2001-12-25-44-13,Attribution CC BY,2001-12-25 00:00:00+00:00,beginning,1 day,6.733,51.917,DAILY,1.0,accumulated_precipitation,mm,0.7,Accumulation over specified period,,Land station,NLE00109366,WOOLD,Passed,229
NLE00109366-1-2001-12-25-53-12,Attribution CC BY,2001-12-25 00:00:00+00:00,beginning,1 day,6.733,51.917,DAILY,0.0,snow_depth,cm,0.0,Instantaneous value of observed parameter,,Land station,NLE00109366,WOOLD,Passed,229
NLE00109358-1-2001-12-25-53-12,Attribution CC BY,2001-12-25 00:00:00+00:00,beginning,1 day,5.317,51.967,DAILY,0.0,snow_depth,cm,0.0,Instantaneous value of observed parameter,,Land station,NLE00109358,WIJK BIJ DUURSTEDE,Passed,229
NLE00109358-2-2001-12-25-44-13,Attribution CC BY,2001-12-25 00:00:00+00:00,beginning,1 day,5.317,51.967,DAILY,1.0,accumulated_precipitation,mm,2.2,Accumulation over specified period,,Land station,NLE00109358,WIJK BIJ DUURSTEDE,Passed,229
NLE00109388-1-2001-12-25-53-12,Attribution CC BY,2001-12-25 00:00:00+00:00,beginning,1 day,5.483,51.417,DAILY,0.0,snow_depth,cm,0.0,Instantaneous value of observed parameter,,Land station,NLE00109388,EINDHOVEN-1,Passed,229
NLE00109388-2-2001-12-25-44-13,Attribution CC BY,2001-12-25 00:00:00+00:00,beginning,1 day,5.483,51.417,DAILY,1.0,accumulated_precipitation,mm,2.0,Accumulation over specified period,,Land station,NLE00109388,EINDHOVEN-1,Passed,229
NLE00109356-1-2001-12-25-53-12,Attribution CC BY,2001-12-25 00:00:00+00:00,beginning,1 day,3.45,51.533,DAILY,0.0,snow_depth,cm,0.0,Instantaneous value of observed parameter,,Land station,NLE00109356,WESTKAPELLE,Passed,229
NLE00109356-2-2001-12-25-44-13,Attribution CC BY,2001-12-25 00:00:00+00:00,beginning,1 day,3.45,51.533,DAILY,1.0,accumulated_precipitation,mm,1.9,Accumulation over specified period,,Land station,NLE00109356,WESTKAPELLE,Passed,229
NLE00155419-2-2001-12-25-44-13,Attribution CC BY,2001-12-25 00:00:00+00:00,beginning,1 day,5.754,53.221,DAILY,1.0,accumulated_precipitation,mm,4.4,Accumulation over specified period,,Land station,NLE00155419,LEEUWARDEN_1,Passed,229
NLE00109378-2-2001-12-25-44-13,Attribution CC BY,2001-12-25 00:00:00+00:00,beginning,1 day,5.717,51.933,DAILY,1.0,accumulated_precipitation,mm,1.6,Accumulation over specified period,,Land station,NLE00109378,ZETTEN,Passed,229
NLE00109378-1-2001-12-25-53-12,Attribution CC BY,2001-12-25 00:00:00+00:00,beginning,1 day,5.717,51.933,DAILY,0.0,snow_depth,cm,0.0,Instantaneous value of observed parameter,,Land station,NLE00109378,ZETTEN,Passed,229
NLE00109354-1-2001-12-25-53-12,Attribution CC BY,2001-12-25 00:00:00+00:00,beginning,1 day,4.9,52.583,DAILY,0.0,snow_depth,cm,0.0,Instantaneous value of observed parameter,,Land station,NLE00109354,WEST BEEMSTER,Passed,229
NLE00109354-2-2001-12-25-44-13,Attribution CC BY,2001-12-25 00:00:00+00:00,beginning,1 day,4.9,52.583,DAILY,1.0,accumulated_precipitation,mm,2.7,Accumulation over specified period,,Land station,NLE00109354,WEST BEEMSTER,Passed,229
NLE00109368-2-2001-12-25-44-13,Attribution CC BY,2001-12-25 00:00:00+00:00,beginning,1 day,4.833,52.417,DAILY,1.0,accumulated_precipitation,mm,2.1,Accumulation over specified period,,Land station,NLE00109368,ZAANDAM (HEMBRUG),Passed,229
NLE00109368-1-2001-12-25-53-12,Attribution CC BY,2001-12-25 00:00:00+00:00,beginning,1 day,4.833,52.417,DAILY,0.0,snow_depth,cm,0.0,Instantaneous value of observed parameter,,Land station,NLE00109368,ZAANDAM (HEMBRUG),Passed,229
NLE00155421-2-2001-12-25-44-13,Attribution CC BY,2001-12-25 00:00:00+00:00,beginning,1 day,4.614,52.493,DAILY,1.0,accumulated_precipitation,mm,1.4,Accumulation over specified period,,Land station,NLE00155421,WIJK_AAN_ZEE_1,Passed,229
NLE00155435-2-2001-12-25-44-13,Attribution CC BY,2001-12-25 00:00:00+00:00,beginning,1 day,6.64,52.068,DAILY,1.0,accumulated_precipitation,mm,0.6,Accumulation over specified period,,Land station,NLE00155435,HUPSEL_1,Passed,229
NLE00109382-1-2001-12-25-53-12,Attribution CC BY,2001-12-25 00:00:00+00:00,beginning,1 day,6.133,52.533,DAILY,0.0,snow_depth,cm,0.0,Instantaneous value of observed parameter,,Land station,NLE00109382,ZWOLLE,Passed,229
NLE00109382-2-2001-12-25-44-13,Attribution CC BY,2001-12-25 00:00:00+00:00,beginning,1 day,6.133,52.533,DAILY,1.0,accumulated_precipitation,mm,1.0,Accumulation over specified period,,Land station,NLE00109382,ZWOLLE,Passed,229
NLE00155423-2-2001-12-25-44-13,Attribution CC BY,2001-12-25 00:00:00+00:00,beginning,1 day,5.89,52.704,DAILY,1.0,accumulated_precipitation,mm,0.8,Accumulation over specified period,,Land station,NLE00155423,MARKNESSE_1,Passed,229
NLE00109380-2-2001-12-25-44-13,Attribution CC BY,2001-12-25 00:00:00+00:00,beginning,1 day,4.533,52.067,DAILY,1.0,accumulated_precipitation,mm,4.4,Accumulation over specified period,,Land station,NLE00109380,ZOETERMEER,Passed,229
NLE00109350-1-2001-12-25-53-12,Attribution CC BY,2001-12-25 00:00:00+00:00,beginning,1 day,6.083,52.433,DAILY,0.0,snow_depth,cm,0.0,Instantaneous value of observed parameter,,Land station,NLE00109350,WAPENVELD,Passed,229
NLE00109350-2-2001-12-25-44-13,Attribution CC BY,2001-12-25 00:00:00+00:00,beginning,1 day,6.083,52.433,DAILY,1.0,accumulated_precipitation,mm,2.1,Accumulation over specified period,,Land station,NLE00109350,WAPENVELD,Passed,229
NLE00155425-2-2001-12-25-44-13,Attribution CC BY,2001-12-25 00:00:00+00:00,beginning,1 day,6.263,52.437,DAILY,1.0,accumulated_precipitation,mm,0.7,Accumulation over specified period,,Land station,NLE00155425,HEINO_1,Passed,229
NLM00006380-1-2001-12-25-44-13,Attribution CC BY,2001-12-25 00:00:00+00:00,beginning,1 day,5.762,50.905,DAILY,1.0,accumulated_precipitation,mm,11.3,Accumulation over specified period,,Land station,NLM00006380,MAASTRICHT,Passed,229
NLE00109352-1-2001-12-25-53-12,Attribution CC BY,2001-12-25 00:00:00+00:00,beginning,1 day,5.7,51.25,DAILY,0.0,snow_depth,cm,0.0,Instantaneous value of observed parameter,,Land station,NLE00109352,WEERT,Passed,229
NLE00109352-2-2001-12-25-44-13,Attribution CC BY,2001-12-25 00:00:00+00:00,beginning,1 day,5.7,51.25,DAILY,1.0,accumulated_precipitation,mm,6.4,Accumulation over specified period,,Land station,NLE00109352,WEERT,Passed,229
NLM00006380-2-2001-12-25-85-1,Attribution CC BY,2001-12-25 00:00:00+00:00,beginning,1 day,5.762,50.905,DAILY,2.0,air_temperature,K,275.35,Minimum value over indicated period,,Land station,NLM00006380,MAASTRICHT,Passed,229
NLE00109370-2-2001-12-25-44-13,Attribution CC BY,2001-12-25 00:00:00+00:00,beginning,1 day,5.267,51.8,DAILY,1.0,accumulated_precipitation,mm,2.3,Accumulation over specified period,,Land station,NLE00109370,ZALTBOMMEL,Passed,229
NLE00109370-1-2001-12-25-53-12,Attribution CC BY,2001-12-25 00:00:00+00:00,beginning,1 day,5.267,51.8,DAILY,0.0,snow_depth,cm,0.0,Instantaneous value of observed parameter,,Land station,NLE00109370,ZALTBOMMEL,Passed,229
NLM00006380-3-2001-12-25-85-0,Attribution CC BY,2001-12-25 00:00:00+00:00,beginning,1 day,5.762,50.905,DAILY,2.0,air_temperature,K,279.25,Maximum value over indicated period,,Land station,NLM00006380,MAASTRICHT,Passed,229
NLM00006380-4-2001-12-25-85-2,Attribution CC BY,2001-12-25 00:00:00+00:00,beginning,1 day,5.762,50.905,DAILY,2.0,air_temperature,K,277.75,Mean value over indicated period,,Land station,NLM00006380,MAASTRICHT,Passed,166
NLE00155427-2-2001-12-25-44-13,Attribution CC BY,2001-12-25 00:00:00+00:00,beginning,1 day,5.528,52.453,DAILY,1.0,accumulated_precipitation,mm,2.3,Accumulation over specified period,,Land station,NLE00155427,LELYSTAD_(EENDENWEG),Passed,229
NLE00109348-1-2001-12-25-53-12,Attribution CC BY,2001-12-25 00:00:00+00:00,beginning,1 day,5.65,51.967,DAILY,0.0,snow_depth,cm,0.0,Instantaneous value of observed parameter,,Land station,NLE00109348,WAGENINGEN (PD),Passed,229
NLE00109348-2-2001-12-25-44-13,Attribution CC BY,2001-12-25 00:00:00+00:00,beginning,1 day,5.65,51.967,DAILY,1.0,accumulated_precipitation,mm,1.6,Accumulation over specified period,,Land station,NLE00109348,WAGENINGEN (PD),Passed,229
NLE00155439-2-2001-12-25-44-13,Attribution CC BY,2001-12-25 00:00:00+00:00,beginning,1 day,4.933,51.568,DAILY,1.0,accumulated_precipitation,mm,4.3,Accumulation over specified period,,Land station,NLE00155439,GILZE-RIJEN_1,Passed,229
NLM00006310-3-2001-12-25-85-1,Attribution CC BY,2001-12-25 00:00:00+00:00,beginning,1 day,3.6,51.45,DAILY,2.0,air_temperature,K,276.55,Minimum value over indicated period,,Land station,NLM00006310,WEST SOUBURG,Passed,229
NLM00006310-4-2001-12-25-85-0,Attribution CC BY,2001-12-25 00:00:00+00:00,beginning,1 day,3.6,51.45,DAILY,2.0,air_temperature,K,281.05,Maximum value over indicated period,,Land station,NLM00006310,WEST SOUBURG,Passed,229
NLM00006310-5-2001-12-25-85-2,Attribution CC BY,2001-12-25 00:00:00+00:00,beginning,1 day,3.6,51.45,DAILY,2.0,air_temperature,K,279.45,Mean value over indicated period,,Land station,NLM00006310,WEST SOUBURG,Passed,166
NLM00006310-5-2001-12-25-44-13,Attribution CC BY,2001-12-25 00:00:00+00:00,beginning,1 day,3.6,51.45,DAILY,1.0,accumulated_precipitation,mm,2.0,Accumulation over specified period,,Land station,NLM00006310,WEST SOUBURG,Passed,166
NLE00155429-2-2001-12-25-44-13,Attribution CC BY,2001-12-25 00:00:00+00:00,beginning,1 day,4.423,51.893,DAILY,1.0,accumulated_precipitation,mm,6.0,Accumulation over specified period,,Land station,NLE00155429,RDAM-WAALHAVEN,Passed,229
NLM00006280-1-2001-12-25-53-12,Attribution CC BY,2001-12-25 00:00:00+00:00,beginning,1 day,6.583,53.117,DAILY,0.0,snow_depth,cm,0.0,Instantaneous value of observed parameter,,Land station,NLM00006280,EELDE-1,Passed,229
NLM00006280-2-2001-12-25-44-13,Attribution CC BY,2001-12-25 00:00:00+00:00,beginning,1 day,6.583,53.117,DAILY,1.0,accumulated_precipitation,mm,3.7,Accumulation over specified period,,Land station,NLM00006280,EELDE-1,Passed,229
NLM00006280-3-2001-12-25-85-2,Attribution CC BY,2001-12-25 00:00:00+00:00,beginning,1 day,6.583,53.117,DAILY,2.0,air_temperature,K,277.45,Mean value over indicated period,,Land station,NLM00006280,EELDE-1,Passed,166
NLE00109376-1-2001-12-25-53-12,Attribution CC BY,2001-12-25 00:00:00+00:00,beginning,1 day,4.833,52.133,DAILY,0.0,snow_depth,cm,0.0,Instantaneous value of observed parameter,,Land station,NLE00109376,ZEGVELD,Passed,229
NLE00109376-2-2001-12-25-44-13,Attribution CC BY,2001-12-25 00:00:00+00:00,beginning,1 day,4.833,52.133,DAILY,1.0,accumulated_precipitation,mm,2.9,Accumulation over specified period,,Land station,NLE00109376,ZEGVELD,Passed,229
NLE00109346-1-2001-12-25-53-12,Attribution CC BY,2001-12-25 00:00:00+00:00,beginning,1 day,3.583,51.583,DAILY,0.0,snow_depth,cm,0.0,Instantaneous value of observed parameter,,Land station,NLE00109346,VROUWENPOLDER,Passed,229
NLE00109346-2-2001-12-25-44-13,Attribution CC BY,2001-12-25 00:00:00+00:00,beginning,1 day,3.583,51.583,DAILY,1.0,accumulated_precipitation,mm,2.5,Accumulation over specified period,,Land station,NLE00109346,VROUWENPOLDER,Passed,229
NLE00155431-2-2001-12-25-44-13,Attribution CC BY,2001-12-25 00:00:00+00:00,beginning,1 day,4.148,51.985,DAILY,1.0,accumulated_precipitation,mm,3.1,Accumulation over specified period,,Land station,NLE00155431,HOEK_VAN_HOLLAND_1,Passed,229
NLE00109372-2-2001-12-25-44-13,Attribution CC BY,2001-12-25 00:00:00+00:00,beginning,1 day,5.367,52.383,DAILY,1.0,accumulated_precipitation,mm,2.0,Accumulation over specified period,,Land station,NLE00109372,ZEEWOLDE,Passed,229
NLE00109372-1-2001-12-25-53-12,Attribution CC BY,2001-12-25 00:00:00+00:00,beginning,1 day,5.367,52.383,DAILY,0.0,snow_depth,cm,0.0,Instantaneous value of observed parameter,,Land station,NLE00109372,ZEEWOLDE,Passed,229
NLE00155443-2-2001-12-25-44-13,Attribution CC BY,2001-12-25 00:00:00+00:00,beginning,1 day,6.184,51.483,DAILY,1.0,accumulated_precipitation,mm,0.7,Accumulation over specified period,,Land station,NLE00155443,ARCEN_1,Passed,229
NLE00155441-2-2001-12-25-44-13,Attribution CC BY,2001-12-25 00:00:00+00:00,beginning,1 day,5.706,51.658,DAILY,1.0,accumulated_precipitation,mm,1.2,Accumulation over specified period,,Land station,NLE00155441,VOLKEL_1,Passed,229
NLE00109344-1-2001-12-25-53-12,Attribution CC BY,2001-12-25 00:00:00+00:00,beginning,1 day,6.567,52.45,DAILY,0.0,snow_depth,cm,0.0,Instantaneous value of observed parameter,,Land station,NLE00109344,VROOMSHOOP,Passed,229
NLE00109344-2-2001-12-25-44-13,Attribution CC BY,2001-12-25 00:00:00+00:00,beginning,1 day,6.567,52.45,DAILY,1.0,accumulated_precipitation,mm,0.7,Accumulation over specified period,,Land station,NLE00109344,VROOMSHOOP,Passed,229
NLE00109374-2-2001-12-25-44-13,Attribution CC BY,2001-12-25 00:00:00+00:00,beginning,1 day,5.417,52.3,DAILY,1.0,accumulated_precipitation,mm,0.8,Accumulation over specified period,,Land station,NLE00109374,ZEEWOLDE (SCHILLINKWEG),Passed,229
NLE00109374-1-2001-12-25-53-12,Attribution CC BY,2001-12-25 00:00:00+00:00,beginning,1 day,5.417,52.3,DAILY,0.0,snow_depth,cm,0.0,Instantaneous value of observed parameter,,Land station,NLE00109374,ZEEWOLDE (SCHILLINKWEG),Passed,229
NLM00006260-2-2001-12-25-53-12,Attribution CC BY,2001-12-25 00:00:00+00:00,beginning,1 day,5.179,52.099,DAILY,0.0,snow_depth,cm,0.0,Instantaneous value of observed parameter,,Land station,NLM00006260,DE BILT GSN,Passed,229
NLM00006260-3-2001-12-25-85-1,Attribution CC BY,2001-12-25 00:00:00+00:00,beginning,1 day,5.179,52.099,DAILY,2.0,air_temperature,K,275.25,Minimum value over indicated period,,Land station,NLM00006260,DE BILT GSN,Passed,229
NLM00006260-4-2001-12-25-85-0,Attribution CC BY,2001-12-25 00:00:00+00:00,beginning,1 day,5.179,52.099,DAILY,2.0,air_temperature,K,281.05,Maximum value over indicated period,,Land station,NLM00006260,DE BILT GSN,Passed,229
NLM00006260-5-2001-12-25-44-13,Attribution CC BY,2001-12-25 00:00:00+00:00,beginning,1 day,5.179,52.099,DAILY,1.0,accumulated_precipitation,mm,7.1,Accumulation over specified period,,Land station,NLM00006260,DE BILT GSN,Passed,229
NLM00006260-6-2001-12-25-85-2,Attribution CC BY,2001-12-25 00:00:00+00:00,beginning,1 day,5.179,52.099,DAILY,2.0,air_temperature,K,278.75,Mean value over indicated period,,Land station,NLM00006260,DE BILT GSN,Passed,166
NLE00155437-2-2001-12-25-44-13,Attribution CC BY,2001-12-25 00:00:00+00:00,beginning,1 day,5.152,51.823,DAILY,1.0,accumulated_precipitation,mm,2.1,Accumulation over specified period,,Land station,NLE00155437,HERWIJNEN_1,Passed,229
NLM00006235-3-2001-12-25-53-12,Attribution CC BY,2001-12-25 00:00:00+00:00,beginning,1 day,4.75,52.933,DAILY,0.0,snow_depth,cm,0.0,Instantaneous value of observed parameter,,Land station,NLM00006235,DEN HELDER-1,Passed,229
NLM00006235-4-2001-12-25-85-1,Attribution CC BY,2001-12-25 00:00:00+00:00,beginning,1 day,4.75,52.933,DAILY,2.0,air_temperature,K,276.75,Minimum value over indicated period,,Land station,NLM00006235,DEN HELDER-1,Passed,229
NLM00006235-5-2001-12-25-85-0,Attribution CC BY,2001-12-25 00:00:00+00:00,beginning,1 day,4.75,52.933,DAILY,2.0,air_temperature,K,281.35,Maximum value over indicated period,,Land station,NLM00006235,DEN HELDER-1,Passed,229
NLM00006235-6-2001-12-25-44-13,Attribution CC BY,2001-12-25 00:00:00+00:00,beginning,1 day,4.75,52.933,DAILY,1.0,accumulated_precipitation,mm,4.6,Accumulation over specified period,,Land station,NLM00006235,DEN HELDER-1,Passed,229
NLM00006235-7-2001-12-25-85-2,Attribution CC BY,2001-12-25 00:00:00+00:00,beginning,1 day,4.75,52.933,DAILY,2.0,air_temperature,K,278.95,Mean value over indicated period,,Land station,NLM00006235,DEN HELDER-1,Passed,166
NLE00109342-1-2001-12-25-53-12,Attribution CC BY,2001-12-25 00:00:00+00:00,beginning,1 day,5.617,52.183,DAILY,0.0,snow_depth,cm,0.0,Instantaneous value of observed parameter,,Land station,NLE00109342,VOORTHUIZEN,Passed,229
NLE00109342-2-2001-12-25-44-13,Attribution CC BY,2001-12-25 00:00:00+00:00,beginning,1 day,5.617,52.183,DAILY,1.0,accumulated_precipitation,mm,0.8,Accumulation over specified period,,Land station,NLE00109342,VOORTHUIZEN,Passed,229
NLE00155415-2-2001-12-25-44-13,Attribution CC BY,2001-12-25 00:00:00+00:00,beginning,1 day,4.973,53.257,DAILY,1.0,accumulated_precipitation,mm,3.0,Accumulation over specified period,,Land station,NLE00155415,VLIELAND_1,Passed,229
NLE00109362-1-2001-12-25-53-12,Attribution CC BY,2001-12-25 00:00:00+00:00,beginning,1 day,3.733,51.533,DAILY,0.0,snow_depth,cm,0.0,Instantaneous value of observed parameter,,Land station,NLE00109362,WOLPHAARTSDIJK,Passed,229
NLE00109362-2-2001-12-25-44-13,Attribution CC BY,2001-12-25 00:00:00+00:00,beginning,1 day,3.733,51.533,DAILY,1.0,accumulated_precipitation,mm,2.7,Accumulation over specified period,,Land station,NLE00109362,WOLPHAARTSDIJK,Passed,229
